-1.343502849064475910e-02 -1.343502833043365256e-02
-1.335233979362848190e-02 -1.351721120717866605e-02
-1.326914838853777111e-02 -1.359888516853336414e-02
-1.318545740748217933e-02 -1.368004713951909493e-02
-1.310127000138001756e-02 -1.376069406443335141e-02
-1.301658933983972088e-02 -1.384082290696482358e-02
-1.293141861104050994e-02 -1.392043065030771146e-02
-1.284576102161236362e-02 -1.399951429727530616e-02
-1.275961979651529278e-02 -1.407807087041283191e-02
-1.267299817891791129e-02 -1.415609741210954384e-02
-1.258589943007534621e-02 -1.423359098471008860e-02
-1.249832682920644540e-02 -1.431054867062509124e-02
-1.241028367337032243e-02 -1.438696757244101350e-02
-1.232177327734220937e-02 -1.446284481302923496e-02
-1.223279897348868335e-02 -1.453817753565437437e-02
-1.214336411164217665e-02 -1.461296290408184255e-02
-1.205347205897487964e-02 -1.468719810268463363e-02
-1.196312619987195680e-02 -1.476088033654932019e-02
-1.187232993580412781e-02 -1.483400683158129195e-02
-1.178108668519960330e-02 -1.490657483460918441e-02
-1.168939988331539614e-02 -1.497858161348854938e-02
-1.159727298210796315e-02 -1.505002445720471024e-02
-1.150470945010325687e-02 -1.512090067597482781e-02
-1.141171277226613739e-02 -1.519120760134918049e-02
-1.131828644986915614e-02 -1.526094258631161514e-02
-1.122443400036074110e-02 -1.533010300537922081e-02
-1.113015895723277159e-02 -1.539868625470115771e-02
-1.103546486988752837e-02 -1.546668975215671066e-02
-1.094035530350408181e-02 -1.553411093745249785e-02
-1.084483383890404856e-02 -1.560094727221885379e-02
-1.074890407241678100e-02 -1.566719624010541254e-02
-1.065256961574397032e-02 -1.573285534687583753e-02
-1.055583409582366156e-02 -1.579792212050173256e-02
-1.045870115469370656e-02 -1.586239411125570792e-02
-1.036117444935464628e-02 -1.592626889180362090e-02
-1.026325765163201703e-02 -1.598954405729594366e-02
-1.016495444803811390e-02 -1.605221722545833660e-02
-1.006626853963319898e-02 -1.611428603668130580e-02
-9.967203641886151003e-03 -1.617574815410905906e-02
-9.867763484534589416e-03 -1.623660126372748758e-02
-9.767951811444438096e-03 -1.629684307445127683e-02
-9.667772380468989471e-03 -1.635647131821017786e-02
-9.567228963307404868e-03 -1.641548375003439031e-02
-9.466325345362722188e-03 -1.647387814813908863e-02
nan nan
nan nan
nan nan
nan nan
nan nan
nan nan
-4.545517001894293641e-01 -8.761002963498312202e-01
-4.491674928725720717e-01 -8.788728808854731067e-01
-4.410687146227212918e-01 -8.762530462961422018e-01
-4.356838238631943194e-01 -8.789428979098435901e-01
-4.302825298530353892e-01 -8.815996578183774579e-01
-4.248650359479226868e-01 -8.842232259962293783e-01
-4.190039965278766210e-01 -8.859095260113759585e-01
-4.131382500956851667e-01 -8.875571712043910377e-01
-4.010216627250652865e-01 -8.755287688630428722e-01
-3.956419699229220543e-01 -8.779729100132425135e-01
-3.910578536089376889e-01 -8.822123919524748059e-01
-3.848381003297182135e-01 -8.827619359806048172e-01
-3.802023042249040308e-01 -8.869448445342077436e-01
-3.747529556159092667e-01 -8.892610255942159370e-01
-3.685241407674008651e-01 -8.896959911977014857e-01
-3.604190684732409000e-01 -8.854569659530032721e-01
-3.542365969127637126e-01 -8.857947991093770845e-01
-3.480635770759945014e-01 -8.860901692696795395e-01
-3.404606923690841058e-01 -8.826111709355237700e-01
-3.343303648862642752e-01 -8.828132406790464293e-01
-3.285588166601062232e-01 -8.839107076329550949e-01
-3.214157554160902985e-01 -8.812127756694653202e-01
-3.139813315406128624e-01 -8.775190532289484091e-01
-3.082599630558073844e-01 -8.784855061538481280e-01
-3.025385681694724438e-01 -8.794148213862000851e-01
-2.964978700476265661e-01 -8.793594051903207420e-01
-2.910966405331603113e-01 -8.811621282770623065e-01
-2.853766057243330434e-01 -8.819802533320301174e-01
-2.796575022881083727e-01 -8.827613945159653586e-01
-2.739395685059334840e-01 -8.835055941308473937e-01
-2.679327439398700439e-01 -8.832559109531893382e-01
-2.616549320411972190e-01 -8.820072149630238112e-01
-2.562381117794385044e-01 -8.835960959510975599e-01
-2.513568799723799319e-01 -8.870759280828693916e-01
-2.459091525286634661e-01 -8.886015259924822107e-01
-2.401913759917880253e-01 -8.891282865401617386e-01
-2.349861280703137989e-01 -8.915522995921526528e-01
-2.292623179091116126e-01 -8.920088545600957097e-01
-2.228128158665161895e-01 -8.895186570359049361e-01
-2.173506374532677698e-01 -8.908690658721876154e-01
-2.118802759109108813e-01 -8.921859339897946217e-01
-2.055015997627752944e-01 -8.895718463713986335e-01
-2.000394208646597560e-01 -8.908160345783021627e-01
-1.945697105949922567e-01 -8.920266840631283500e-01
-1.905424604738082950e-01 -9.000519993116511408e-01
-1.840107360009178850e-01 -8.963063585091544105e-01
-1.785076394714663617e-01 -8.974185544760401312e-01
-1.729978222299076440e-01 -8.984969631396922951e-01
-1.671154057661303760e-01 -8.975752996363597358e-01
-1.614278392791294592e-01 -8.975996064924619544e-01
-1.557462729689360614e-01 -8.975879471019039268e-01
-1.502358448300515348e-01 -8.985266914535846583e-01
-1.439254704935751805e-01 -8.944951043892318543e-01
-1.376702570643619228e-01 -8.904200927451827452e-01
-1.317639558632353325e-01 -8.882805093892747195e-01
-1.263110885504910852e-01 -8.890722762153749903e-01
-1.212572106094471774e-01 -8.928032986720667585e-01
-1.157767897691202585e-01 -8.935305121792228578e-01
-1.104144190846792772e-01 -8.952165515240945171e-01
-1.049193949153086614e-01 -8.958771894825230397e-01
-9.931019981431514487e-02 -8.955102039939847325e-01
-9.370945637445374232e-02 -8.951080911658997330e-01
-8.811739630626819197e-02 -8.946710595235997099e-01
-8.253423118822844629e-02 -8.941991411915839461e-01
-7.696017837387481020e-02 -8.936924288945740091e-01
-7.147513581207254330e-02 -8.941478241764432289e-01
-6.584027066150924257e-02 -8.925749406171332723e-01
-6.036229420819679004e-02 -8.929621264624736376e-01
-5.488204514849782251e-02 -8.933156927865859576e-01
-4.939972981070346603e-02 -8.936356262778970549e-01
-4.391555460089906909e-02 -8.939219148910911850e-01
-3.821503498868621812e-02 -8.891791639696183802e-01
-3.294245053194345269e-02 -8.943935156358246985e-01
-2.730056100952920478e-02 -8.895811676881771879e-01
-2.196438545083348112e-02 -8.947304239994452457e-01
-1.640038214362294841e-02 -8.908490214572200028e-01
-1.097074124913774082e-02 -8.939326774163933731e-01
-5.485466782651767653e-03 -8.939831645901243906e-01
1.420856966901377970e-08 -8.939999938011168323e-01
5.485495199256161004e-03 -8.939831644157602009e-01
1.097076966413732153e-02 -8.939326770676713219e-01
1.645563108571834049e-02 -8.938485336576705853e-01
2.193987296205526447e-02 -8.937307373537098920e-01
2.742328881452966299e-02 -8.935792925907537487e-01
3.290567219562243878e-02 -8.933942050706124016e-01
3.855857014078472450e-02 -8.971718007685575147e-01
4.416092123941286335e-02 -8.989158860093322545e-01
4.967573426183479607e-02 -8.986279978446053418e-01
5.512735705644509349e-02 -8.973081715803370439e-01
6.069954195722155471e-02 -8.979507351134804471e-01
6.613455795565574558e-02 -8.965641084300031149e-01
7.163452709420446707e-02 -8.961414368328617375e-01
7.721759545910014677e-02 -8.966813257987316099e-01
8.271807519486175375e-02 -8.961906477534306026e-01
8.821544064167137489e-02 -8.956662286348928692e-01
9.370948482681557001e-02 -8.951080881872027772e-01
9.920000090262449943e-02 -8.945162474240340167e-01
1.048031062397544594e-01 -8.948839869877023290e-01
1.104144475404886805e-01 -8.952165480144050891e-01
1.159053146470851586e-01 -8.945222054823789293e-01
1.216609759744614327e-01 -8.957759644436378288e-01
1.271550638831027980e-01 -8.950126039776602482e-01
1.329378304312763825e-01 -8.961939332941977199e-01
1.384342706650329435e-01 -8.953613714799963930e-01
1.444020672809698813e-01 -8.974569659257845000e-01
1.499060415264467372e-01 -8.965540370984916851e-01
1.554043718938732666e-01 -8.956173535165579125e-01
1.608968513742072282e-01 -8.946469504455927257e-01
1.665663216407674285e-01 -8.946260158448694488e-01
1.720525082667689887e-01 -8.935871429975442704e-01
1.785076679972697200e-01 -8.974185488019048584e-01
1.840107644913684393e-01 -8.963063526600949515e-01
1.895069330838017319e-01 -8.951604110888237154e-01
1.949959668469171126e-01 -8.939807672321460341e-01
2.004776591216843040e-01 -8.927674655029886885e-01
2.070772221171958971e-01 -8.963922438243979718e-01
2.125734835083500363e-01 -8.951047675090545441e-01
2.180617416275517362e-01 -8.937835910032541076e-01
2.237847669186449340e-01 -8.933987828074537729e-01
2.292623462629594655e-01 -8.920088472726462880e-01
2.349861564096493438e-01 -8.915522921227633235e-01
2.404521950367982108e-01 -8.900936609118834664e-01
2.459091807742042057e-01 -8.886015181758880610e-01
2.538105014826033679e-01 -8.957350158851109523e-01
2.612514965446680604e-01 -9.008838434481721835e-01
2.653522616137590218e-01 -8.944703627026298065e-01
2.728676175958598127e-01 -8.995239067336066041e-01
2.783818560242482532e-01 -8.978326891766781337e-01
2.838856135325161234e-01 -8.961076687245778105e-01
2.893786829072924616e-01 -8.943489103233543958e-01
2.967429423868533367e-01 -8.982536324737045996e-01
3.028879520382115054e-01 -8.983111458333981059e-01
3.113219779100879769e-01 -9.049462188031609511e-01
3.168687631282868233e-01 -9.030189476470233956e-01
3.217298272557116978e-01 -8.991745583464014757e-01
3.282689917187625595e-01 -9.000019318304416371e-01
3.341335345574938387e-01 -8.989080957593996724e-01
3.396428411270365766e-01 -8.968409691850771637e-01
3.454992507622816067e-01 -8.956730578307979806e-01
3.520853402930419485e-01 -8.963285738122735991e-01
3.575784812753380892e-01 -8.941513455844229963e-01
3.634351622102482970e-01 -8.928666513694155649e-01
3.689068475779775924e-01 -8.906198471112699577e-01
3.778597507510209619e-01 -8.966331408530185954e-01
3.833542753255790858e-01 -8.942977580779083446e-01
3.892339859074388508e-01 -8.928453727429104259e-01
3.983522284613588704e-01 -8.986681610271578524e-01
4.046805542220434093e-01 -8.980304433679383580e-01
4.105995718138660266e-01 -8.964396211944442028e-01
4.160922926561752555e-01 -8.939033542912211416e-01
4.219968974722789756e-01 -8.922374100726407908e-01
4.291959983681221669e-01 -8.932366922429643141e-01
4.346687163348048610e-01 -8.905863801025784010e-01
4.432339373792819615e-01 -8.941743276065778900e-01
4.505105665758062927e-01 -8.950107137918164035e-01
4.559937684936353208e-01 -8.922295845204660791e-01
4.628414283760038939e-01 -8.920778007519487574e-01
4.725002201778495947e-01 -8.971842953981246094e-01
4.784677075894304688e-01 -8.951500565574089796e-01
4.844280597501515184e-01 -8.930764361543506169e-01
4.908631098566154649e-01 -8.918393470651867494e-01
4.973011808269885425e-01 -8.905568463821784686e-01
5.052206622496168142e-01 -8.918391298660596211e-01
5.126763183004149349e-01 -8.921906090832685265e-01
5.206587357774603575e-01 -8.933479510911502830e-01
5.261304146553404948e-01 -8.901364320342916026e-01
5.351809887251988140e-01 -8.928954738249421652e-01
5.432463954845525578e-01 -8.938676422006716082e-01
5.513437839659111050e-01 -8.947742899064139444e-01
5.573534654661737031e-01 -8.922226240386001983e-01
5.628175486989198673e-01 -8.887859715308391584e-01
5.698809036060777933e-01 -8.878404389479106484e-01
5.807711723895142564e-01 -8.927093408276235431e-01
5.867882193316439343e-01 -8.899637931522048628e-01
5.927934847589744205e-01 -8.871780833558532420e-01
6.010292534646550777e-01 -8.876642911206333864e-01
6.109904089806373895e-01 -8.905564624608699464e-01
6.175848059859729844e-01 -8.884329150604396430e-01
6.259035405090936921e-01 -8.887146813971990023e-01
6.336680350032645181e-01 -8.881135828808673915e-01
6.414487002351594302e-01 -8.874506339076151384e-01
6.468819200169829697e-01 -8.834980725567799231e-01
6.576520455243860530e-01 -8.867410704100254781e-01
6.672849036985212257e-01 -8.882858368977490926e-01
6.745393077399357562e-01 -8.865622592052184725e-01
6.848495261980462878e-01 -8.887435397150958982e-01
6.952117250082601174e-01 -8.908314355895393666e-01
7.037649601635064256e-01 -8.904717060062331546e-01
7.098404325246379099e-01 -8.869174960820258580e-01
7.190468745369281711e-01 -8.872065716250115974e-01
7.270147522171692689e-01 -8.858699754746366395e-01
7.337148949909767515e-01 -8.829306072663084537e-01
7.449130914279802340e-01 -8.852984583921275075e-01
7.509797027538683833e-01 -8.814723299015312374e-01
7.602932430887496817e-01 -8.813910961877988726e-01
7.670026415326322011e-01 -8.782157866365652987e-01
7.756889097019824542e-01 -8.772386928877285994e-01
7.897279501296714521e-01 -8.821484007335727018e-01
8.085570115314494322e-01 -8.921051226831625547e-01
8.140156449533850758e-01 -8.871271163623246636e-01
8.221660001936004214e-01 -8.850462894612829423e-01
8.289512966598218124e-01 -8.814419096467306369e-01
8.433081532398116753e-01 -8.857541871078027373e-01
8.494210850612684549e-01 -8.812830216355381774e-01
8.603995675948487021e-01 -8.817803397862887804e-01
8.798489554364650189e-01 -8.907130576910551323e-01
8.902474313331419919e-01 -8.902473641213333178e-01
8.964045934310171937e-01 -8.854709373227220848e-01
9.082624892665720484e-01 -8.862394632011802997e-01
9.216032235779150206e-01 -8.882834148224364457e-01
9.284847549476039630e-01 -8.839909051864146550e-01
9.921685274734169946e-01 -9.330839093658862549e-01
1.034507825542809067e+00 -9.610085285333130889e-01
1.052174078280823544e+00 -9.654603216758690376e-01
1.066969700734599291e+00 -9.670448916721730015e-01
1.076608576906876502e+00 -9.638148804189968777e-01
1.089993524209773357e+00 -9.638149418142530900e-01
1.104171856162094345e+00 -9.643445428976410438e-01
1.122183543992167909e+00 -9.680021042365266615e-01
1.134952838234549288e+00 -9.669349630512364957e-01
1.153107084887426748e+00 -9.702540692016916601e-01
1.166729771485221612e+00 -9.695517102275842403e-01
1.177294961057734346e+00 -9.661809253332687142e-01
1.197962096509026297e+00 -9.709021505349205716e-01
1.214827162881628952e+00 -9.722813103819106795e-01
1.228615658978992053e+00 -9.710095337951578642e-01
1.247952391417024520e+00 -9.739115224881701449e-01
1.263410053697974655e+00 -9.735605412512945422e-01
1.275726634046151498e+00 -9.706341735622292521e-01
1.293651366317303042e+00 -9.717974280580592428e-01
1.305212279164314593e+00 -9.680113151811269301e-01
1.334525930013185757e+00 -9.771165167169967303e-01
1.342117175917792338e+00 -9.700812059406507259e-01
1.371651210430667511e+00 -9.786714280549634326e-01
1.380900799351843844e+00 -9.725399826156604366e-01
1.411475250288151573e+00 -9.811720315663744474e-01
1.429013336786479682e+00 -9.804131894842349482e-01
1.444110566269694251e+00 -9.777937032042700594e-01
1.468375404684385988e+00 -9.811369860742218396e-01
1.486055936098066965e+00 -9.798151116079408807e-01
1.507128044906360875e+00 -9.804942515793938496e-01
1.536679411061375511e+00 -9.863530286194600594e-01
1.553685738401609617e+00 -9.838605476290060992e-01
1.578351955788383831e+00 -9.859644451677059829e-01
1.592885653562682968e+00 -9.815072528418975484e-01
1.613405535357622433e+00 -9.805440437279062671e-01
1.647696707108188052e+00 -9.875913001038945094e-01
1.670081954390165491e+00 -9.871304309136199606e-01
1.700298672326788108e+00 -9.909634901662647266e-01
1.721953837771244222e+00 -9.894800399791949808e-01
1.761056053754727513e+00 -9.976258265796762448e-01
1.810798927931630331e+00 -1.011178892223023151e+00
1.816969317366642134e+00 -1.000049003411293214e+00
1.823071298930003081e+00 -9.888814633177192004e-01
1.832632492878442765e+00 -9.795623672926710990e-01
1.839493208937853730e+00 -9.687650480947417320e-01
1.838301786039074015e+00 -9.537756309834816149e-01
1.843228841436417298e+00 -9.420229093403991172e-01
1.848974287241863523e+00 -9.306953361565911687e-01
1.851066301265244407e+00 -9.175562572784793369e-01
1.856661474973735348e+00 -9.061810549217174104e-01
1.862186746423192707e+00 -8.947717353585145084e-01
1.899281611147582316e+00 -8.982931916138352513e-01
1.932862057078071905e+00 -8.997044726914342760e-01
1.952892872037089500e+00 -8.944906028241425000e-01
1.993901168005446145e+00 -8.985139346379853453e-01
2.035945167521129751e+00 -9.024723078034180279e-01
2.082694936060066837e+00 -9.079461114639212349e-01
2.119476580652887243e+00 -9.085455396807967654e-01
2.139755667699008601e+00 -9.017371050135125632e-01
2.145248342415211340e+00 -8.885908357466708596e-01
2.150660249739326790e+00 -8.754111115352350980e-01
2.147634572585520374e+00 -8.588565508808261306e-01
2.152863988842385723e+00 -8.456627447754523352e-01
2.156146500594401605e+00 -8.317173621328074473e-01
2.155598093273607407e+00 -8.163468429692698480e-01
2.152130414686433735e+00 -7.999691842181717583e-01
2.147603836763616325e+00 -7.833222972448700139e-01
2.151428308279172974e+00 -7.697932362532621253e-01
2.151393095520155452e+00 -7.549222596304590027e-01
2.154093634574210991e+00 -7.410567748624817819e-01
2.154809603832054776e+00 -7.265474865913105207e-01
2.148782319556811427e+00 -7.098616731138600588e-01
2.152146132721588945e+00 -6.963558020729819775e-01
2.152564975756539045e+00 -6.819292925315598719e-01
2.153843478054525917e+00 -6.678201765224951458e-01
2.151201818837575441e+00 -6.525598167473860567e-01
2.155165354942670586e+00 -6.393480059078218147e-01
2.147522732261737399e+00 -6.227699313296246597e-01
2.162848858696786891e+00 -6.128526692749918237e-01
2.166568537066218436e+00 -5.995701410162301848e-01
2.195306923284877865e+00 -5.930456910023790273e-01
2.210508256267866845e+00 -5.826227853546240842e-01
2.237286012603114660e+00 -5.750226373386859713e-01
2.248532550486864512e+00 -5.632279573514100690e-01
2.251946124368338520e+00 -5.494206180001107720e-01
2.255274913746316834e+00 -5.355925932719264315e-01
2.255595754666960939e+00 -5.210691474834333592e-01
2.257774649934999101e+00 -5.070001252070488462e-01
2.259866084995022728e+00 -4.929240410497031655e-01
2.262848068793085865e+00 -4.790484838874896067e-01
2.262806127753775431e+00 -4.645515728543469502e-01
2.257767784699506119e+00 -4.490978079744783469e-01
2.257534983038685272e+00 -4.346687409584228390e-01
2.255243922913063859e+00 -4.198933636897255184e-01
2.257777885897426895e+00 -4.060475423636050185e-01
2.257270991188523368e+00 -3.916735444850094616e-01
2.259631762453618187e+00 -3.778158165315798067e-01
2.258945770251102214e+00 -3.634673243005454024e-01
2.261133439870695927e+00 -3.495998510698424266e-01
2.257300878473384564e+00 -3.348388269272586926e-01
2.259312917895153650e+00 -3.209819854864475741e-01
2.257276335915937349e+00 -3.065747435726521308e-01
2.258123076315187827e+00 -2.925900654074374274e-01
2.250943488382404212e+00 -2.776272710966902757e-01
2.248631807288985929e+00 -2.633452465511488261e-01
2.250205333529029517e+00 -2.495429433791420126e-01
2.251694140805371891e+00 -2.357312450558363137e-01
2.252103060463251705e+00 -2.218126616043699373e-01
2.253421682200425380e+00 -2.079898410619230864e-01
2.257644422634927484e+00 -1.944165833852025127e-01
2.255804359051335251e+00 -1.803212285920741675e-01
2.256868324458629171e+00 -1.664764783723511610e-01
2.257847320044365169e+00 -1.526254604069615106e-01
2.258741308949911542e+00 -1.387686961789319773e-01
2.259550257517088045e+00 -1.249067073876329315e-01
2.265267988756427098e+00 -1.112853479266428108e-01
2.265908179801352951e+00 -9.738382954608744424e-02
2.266463060679257957e+00 -8.347864471918717277e-02
2.266932610499189149e+00 -6.957031696832062517e-02
2.269316302655079998e+00 -5.570845456705350585e-02
2.269615404075334464e+00 -4.178314241807083718e-02
2.263829465579752842e+00 -2.778262776821055144e-02
2.269957249646195940e+00 -1.392832312414224276e-02
2.269999980926509675e+00 1.353025425032682621e-07
2.263957318975418964e+00 1.389177780011818103e-02
2.262829610040476336e+00 2.777062692892147411e-02
2.262616615541962695e+00 4.165456600895350858e-02
2.262318434801968703e+00 5.553693681803128362e-02
2.261935079046831554e+00 6.941721669271108675e-02
2.261466562709679717e+00 8.329488304827173395e-02
2.260912903429889376e+00 9.716941339838952585e-02
2.260274122052420509e+00 1.110402853748096441e-01
2.259550242627032191e+00 1.249069767470129544e-01
2.260737621909859829e+00 1.388916127679224455e-01
2.258844952598256572e+00 1.526931686559528933e-01
2.261854633232048162e+00 1.668445614170805391e-01
2.263778797240945551e+00 1.809589492946570011e-01
2.264618557301646629e+00 1.950174315178374029e-01
2.270349663470119683e+00 2.095525593221638228e-01
2.269021134409213936e+00 2.234792185901836592e-01
2.267607177980298871e+00 2.373974639914662732e-01
2.266107847418038279e+00 2.513067715119097767e-01
2.267502855835572095e+00 2.655555759943841188e-01
2.262853292901448654e+00 2.790964785561188544e-01
2.261098191479264052e+00 2.929758318130627481e-01
2.239439927345366232e+00 3.041525418360042088e-01
2.219710589345785579e+00 3.153559280938987852e-01
2.179155898782082712e+00 3.232473841182142427e-01
2.177131468068554287e+00 3.366123486767497175e-01
2.175025069581210335e+00 3.499646399699062327e-01
2.177768200777872476e+00 3.641283007650124581e-01
2.175492955591491473e+00 3.774839809966835658e-01
2.174120177720490155e+00 3.910024828249556439e-01
2.171680104321366933e+00 4.043352733084155659e-01
2.173086073246981886e+00 4.184091059712883864e-01
2.175381660174737330e+00 4.327104631291652792e-01
2.174644878721146757e+00 4.464524369754394595e-01
2.171864560912739162e+00 4.597874031340295486e-01
2.174864683396427800e+00 4.743837298022110516e-01
2.171912978254602944e+00 4.877195188582482133e-01
2.182520193494475791e+00 5.041881074692698972e-01
2.181331438816251467e+00 5.180324467343746520e-01
2.181997753910156934e+00 5.323551758571563042e-01
2.178690208374451931e+00 5.457336413161280042e-01
2.176269088259179973e+00 5.593404698389746743e-01
2.174730115190041335e+00 5.731930321429012931e-01
2.171172130083128149e+00 5.865261354466272392e-01
2.187771610337567729e+00 6.054381012187269873e-01
2.184977579350411592e+00 6.191232202910046389e-01
2.182098168867459442e+00 6.327969022032110535e-01
2.179132956547056299e+00 6.464584799979752328e-01
2.178953052191872519e+00 6.609783434470588581e-01
2.180587233998691588e+00 6.761126238180439341e-01
2.182117511993898251e+00 6.912917770541735507e-01
2.177834747525170034e+00 7.046679853981848707e-01
2.173469988804551445e+00 7.180176633893495808e-01
2.174708953339518303e+00 7.332573344018805672e-01
2.177733593537909851e+00 7.491897440455209667e-01
2.185362381796138287e+00 7.668423498683407669e-01
2.181557462430261829e+00 7.805739116424402768e-01
2.176726883610000662e+00 7.939450028757898403e-01
2.175563883406639309e+00 8.086799426349546849e-01
2.185523705167220054e+00 8.276802733635113540e-01
2.183203010369807018e+00 8.421545070974781888e-01
2.177994549131716528e+00 8.555345359860792032e-01
2.173632747755378514e+00 8.692537333564199775e-01
2.183077582425834606e+00 8.886066619112370502e-01
2.182203381464494552e+00 9.038984167831231042e-01
2.177537532747217064e+00 9.176594667170741015e-01
2.190248147369211029e+00 9.388831461171701642e-01
2.184446037720589651e+00 9.523045822655447079e-01
2.182218694700334805e+00 9.673112059468755852e-01
2.189006133294488787e+00 9.864346193783798400e-01
2.186548901655946953e+00 1.001513236583506217e+00
2.187615458789964773e+00 1.018286855427092519e+00
2.185846020923805977e+00 1.033828365733946653e+00
2.187573617287858596e+00 1.051118875838790379e+00
2.191866846843441685e+00 1.069785116450000739e+00
2.192429358384689664e+00 1.086767058378563799e+00
2.185719809023033200e+00 1.100199094313485837e+00
2.188722831101829414e+00 1.118595591218893404e+00
2.188031505322133086e+00 1.135228042541441607e+00
2.183679097488633758e+00 1.150030120950035206e+00
2.195983870641859070e+00 1.173778040079886509e+00
2.190498471541106440e+00 1.188183891286306526e+00
2.185794696207743915e+00 1.203048617043354751e+00
2.185356659266724400e+00 1.220338222309144127e+00
2.194359364375698895e+00 1.243089439735805435e+00
2.190158742738290254e+00 1.258523260507383501e+00
2.193627016377637684e+00 1.278484136529444593e+00
2.190045318336352409e+00 1.294464000085483457e+00
2.190638686878207952e+00 1.313018521168005437e+00
2.193650181432788671e+00 1.333186945275425028e+00
2.192239561568363637e+00 1.350818622267878188e+00
2.188998583215538307e+00 1.367423367296996206e+00
2.195774292026603458e+00 1.390458967212729657e+00
2.198141484931615430e+00 1.410928046513604706e+00
2.198663216113938557e+00 1.430387560004604763e+00
2.197358951629517776e+00 1.448805534586715016e+00
2.201731423160909973e+00 1.471150145419274358e+00
2.193491153328178900e+00 1.485192642851794531e+00
2.197530345373720717e+00 1.507675421912254343e+00
2.201375720914375389e+00 1.530263344881234389e+00
2.200120600900823398e+00 1.549500003023232653e+00
2.201154111724799467e+00 1.570521109634355206e+00
2.206064276535226742e+00 1.594541869752925889e+00
2.201079941647357430e+00 1.611592592631401200e+00
2.203198156952946185e+00 1.634003380846740239e+00
2.201925469700863225e+00 1.654097924014590326e+00
2.208447355621245389e+00 1.680293369247996438e+00
2.209977187833097823e+00 1.702968178327829873e+00
2.209734880997437312e+00 1.724494304428661362e+00
2.204603856833748932e+00 1.742360902010482882e+00
2.204021022246941630e+00 1.763978479188502035e+00
2.206363035356504021e+00 1.788172717802766432e+00
2.210809672683405225e+00 1.814364900210986953e+00
2.208095577213972316e+00 1.834926488334610584e+00
2.213628666062855466e+00 1.862604756158848796e+00
2.219665922013761339e+00 1.891068097525494096e+00
2.217864484390581925e+00 1.913143368352198781e+00
2.218134918733076777e+00 1.937240844370438753e+00
2.214447093203789851e+00 1.958101274547568771e+00
2.216546682039710614e+00 1.984324882397673573e+00
2.227298952221564043e+00 2.018706424843960345e+00
2.222975395067840587e+00 2.039771838033657136e+00
2.225803589282229211e+00 2.067666083033035118e+00
2.225458592745538144e+00 2.092930830166529699e+00
2.224886887058262541e+00 2.118268751565460573e+00
2.227687658609659227e+00 2.147147950472885647e+00
2.225206936470433217e+00 2.171251917273920640e+00
2.211842495896991778e+00 2.184864657530523946e+00
2.198394780699083118e+00 2.198395138863083798e+00
8.594690162958316115e-01 8.700816808364728594e-01
8.506222384318824492e-01 8.717602536848780836e-01
8.445632013693816775e-01 8.762431269132144873e-01
8.274486151738493778e-01 8.690966020459401919e-01
8.179898316450090467e-01 8.697865536955692312e-01
8.105957060136996795e-01 8.725912932442749792e-01
8.045502834675796189e-01 8.768118256256202114e-01
7.917679488585185332e-01 8.735814572118730803e-01
7.857258178181576458e-01 8.776781165678000374e-01
7.776760661708689293e-01 8.794862104233998057e-01
7.591088804861476635e-01 8.691776624009411867e-01
7.518018844074113582e-01 8.715474624425593175e-01
7.444944604856409409e-01 8.738604022871541144e-01
7.391185388099328346e-01 8.784120843697122982e-01
7.286017843337204702e-01 8.767778551321064873e-01
7.219394905754999980e-01 8.796859655549477131e-01
7.127503930446130731e-01 8.794377795631443950e-01
7.004674444023584190e-01 8.752065326492219910e-01
6.938439195807700743e-01 8.779188580675201248e-01
6.878288622378673223e-01 8.813713885246482471e-01
6.799663484444613548e-01 8.824067554798284974e-01
6.721171893419854992e-01 8.833790327760697725e-01
6.624799283792701665e-01 8.818897002309640243e-01
6.528863362726852193e-01 8.803154751266976108e-01
6.462910274568899327e-01 8.826912643628966881e-01
6.379337831347117183e-01 8.825879328746781827e-01
6.319255445202276444e-01 8.856716292424222647e-01
6.264792695944891854e-01 8.895323790792936114e-01
6.175847000765120054e-01 8.884329886822792677e-01
6.104245446419737098e-01 8.897319074117339133e-01
5.982258427984562532e-01 8.835241412478385126e-01
5.916822529831026189e-01 8.855152361108309389e-01
5.856872116130940054e-01 8.882941587540060802e-01
5.736818358309568877e-01 8.818124786773555712e-01
5.660996144579377720e-01 8.819496473925499958e-01
5.596074350227504546e-01 8.837168814997282684e-01
5.531149221136040239e-01 8.854377135997165693e-01
5.476715660550842690e-01 8.888148949383125608e-01
5.380527347315624542e-01 8.853221347690747312e-01
5.326103713928717065e-01 8.886068984364976497e-01
5.256214546987650893e-01 8.892755875419188216e-01
5.161267528237669655e-01 8.855722026711237982e-01
5.101850763688523527e-01 8.878554428846431312e-01
5.032489888583135951e-01 8.883588867612972617e-01
4.968135599192821661e-01 8.896838739244828931e-01
4.913452097673741692e-01 8.927155166566784761e-01
4.844279532871405558e-01 8.930764939026690774e-01
4.779962383879438059e-01 8.942682562095792820e-01
4.669083571233748620e-01 8.865667117859443724e-01
4.614596964763366671e-01 8.894149183179682616e-01
4.550835068359445623e-01 8.904487642789442603e-01
4.496112489614217944e-01 8.932243418130466628e-01
4.414573389313299345e-01 8.905905080214493452e-01
4.368616888623776950e-01 8.950798001612468857e-01
4.274635134273923054e-01 8.896313405549922670e-01
4.211416920961961741e-01 8.904295049915119664e-01
4.156701913395488557e-01 8.929968198223435794e-01
4.101830408342643786e-01 8.955305138257615427e-01
4.042696093703057048e-01 8.971187972778555952e-01
3.979468853189158661e-01 8.977540104916597041e-01
3.916316409346180527e-01 8.983455321884180611e-01
3.845361528496351045e-01 8.970551647249366267e-01
3.770829639401548916e-01 8.947901814753524974e-01
3.685240629877025165e-01 8.896960234151030100e-01
3.630580533015788647e-01 8.919404963418129384e-01
3.572070623568976422e-01 8.932228940503359471e-01
3.517196252381320498e-01 8.953978607723217520e-01
3.458590557573364421e-01 8.966061354486362101e-01
3.399968930937677936e-01 8.977761811764973787e-01
3.330881643111127111e-01 8.960960987916809506e-01
3.275835515704552114e-01 8.981230206460045773e-01
3.220666054935456546e-01 9.001161286743404322e-01
3.138886984206546438e-01 8.945266408677842174e-01
3.070928336678088733e-01 8.926533494661285095e-01
3.012903367672272181e-01 8.935732583532094431e-01
2.958018024700698745e-01 8.954051198919616983e-01
2.903021314016175358e-01 8.972032699321590421e-01
2.847915306213891218e-01 8.989676407744647824e-01
2.786778959789787402e-01 8.987878512617361038e-01
2.734480720621145222e-01 9.014377953481883532e-01
2.673429984261431192e-01 9.011812895917502564e-01
2.606943405261386570e-01 8.989629809839669861e-01
2.546282642128083751e-01 8.986214306188065049e-01
2.496430517751010159e-01 9.020944113907106710e-01
2.435816235746853242e-01 9.016784466538714238e-01
2.372798410787521628e-01 9.002551118228613314e-01
2.315025883702613585e-01 9.007255768998824186e-01
2.259714820050210127e-01 9.021290942122481837e-01
2.204318679407292481e-01 9.034986468722118191e-01
2.137286657721406968e-01 8.999694880833346566e-01
2.082025332698808628e-01 9.012639608869994490e-01
2.020112540265125156e-01 8.995973746850138841e-01
1.962745178650790456e-01 8.998429422201982275e-01
1.907494904030799798e-01 9.010303207648662216e-01
1.852172813301795340e-01 9.021837760253337279e-01
1.787026487309757994e-01 8.983993427539423982e-01
1.731868098145167012e-01 8.994789295088866377e-01
1.676644505121908379e-01 9.005246513886376869e-01
1.621357787377161741e-01 9.015364690223555133e-01
1.566010026424718149e-01 9.025143443156760092e-01
1.508954197077152504e-01 9.024719450369483864e-01
1.445608257649174666e-01 8.984443307103481269e-01
1.390453535177441913e-01 8.993144263251455772e-01
1.335246462913083909e-01 9.001506632582021439e-01
1.275769345632068175e-01 8.979828145806934003e-01
1.220646138428176236e-01 8.987487076831945920e-01
1.164192011009233807e-01 8.984890664043289066e-01
1.109039841188454445e-01 8.991864874094064319e-01
1.053845916642162511e-01 8.998500545495711211e-01
1.001918936048422082e-01 9.034614253965735919e-01
9.464647227519942807e-02 9.040591839086600245e-01
8.909748755917157315e-02 9.046229051015542977e-01
8.354514837290852314e-02 9.051525677514709045e-01
7.790386765166812388e-02 9.046518521231970977e-01
7.219219894392138459e-02 9.031192165183624665e-01
6.679653148589567713e-02 9.055397338198215573e-01
6.123898655343693043e-02 9.059325431128564254e-01
5.567913600761854875e-02 9.062912445557800289e-01
5.000680030946284133e-02 9.046188991812570412e-01
4.455335545579597323e-02 9.069062711563136148e-01
3.890196912497131954e-02 9.051644434197022582e-01
3.334725203846435754e-02 9.053861019557252199e-01
2.779127944669621333e-02 9.055736732148386148e-01
2.230788295879692490e-02 9.087262079865578990e-01
1.667640450372786728e-02 9.058465269381605900e-01
1.113019189863947989e-02 9.069317109590491199e-01
5.534474979680825343e-03 9.019830306891578608e-01
-9.308774969902120126e-08 9.010000228881788198e-01
-5.528525449165466385e-03 9.009830612452518483e-01
-1.113037929981562126e-02 9.069317086591751620e-01
-1.660296419659404790e-02 9.018471930678642057e-01
-2.225898869771207253e-02 9.067268314861779421e-01
-2.782214107962797944e-02 9.065731840180106804e-01
-3.345785968026196433e-02 9.083840236097001641e-01
-3.885921579311149565e-02 9.041653109710799940e-01
-4.455354285171472112e-02 9.069062619501422340e-01
-5.011737650958585089e-02 9.066158142878470994e-01
-5.580196703475294451e-02 9.082875030553114737e-01
-6.123917374815188858e-02 9.059325304588985439e-01
-6.701741414892924131e-02 9.085316122882657330e-01
-7.259079789321469522e-02 9.081032983023192839e-01
-7.816144863483583116e-02 9.076407947385510822e-01
-8.400488027782974931e-02 9.101313827638386478e-01
-8.958776024522460690e-02 9.095988055271145845e-01
-9.516726728389370005e-02 9.090319824075637767e-01
-1.007431913285389141e-01 9.084309347457576456e-01
-1.068969225109898530e-01 9.127617993190422219e-01
-1.120058673583457787e-01 9.081187834996284902e-01
-1.180898650466422617e-01 9.113812803167080645e-01
-1.235451854976440805e-01 9.096485890844465683e-01
-1.291243587635173551e-01 9.088734061776050366e-01
-1.346986705699939890e-01 9.080640046988139868e-01
-1.402679110473734336e-01 9.072204151215831347e-01
-1.458318705168877571e-01 9.063426692065850165e-01
-1.513903394985960660e-01 9.054308000004590573e-01
-1.586527270415087898e-01 9.143376086773125078e-01
-1.642600107019372424e-01 9.133469216697746029e-01
-1.691289595134815860e-01 9.083894764229886176e-01
-1.750776815806067144e-01 9.092985228439309786e-01
-1.806537367956192186e-01 9.082071490665410973e-01
-1.862229904991687668e-01 9.070815818014065224e-01
-1.934421282333578240e-01 9.137484180713898452e-01
-1.992582494703944440e-01 9.135212939370496166e-01
-2.048597599300727157e-01 9.122814714877313103e-01
-2.104535575351476062e-01 9.110073021547235861e-01
-2.162704869226200755e-01 9.106717613104029496e-01
-2.232763308229412935e-01 9.151566134224972116e-01
-2.288874232810069465e-01 9.137693880079759134e-01
-2.349877621092106850e-01 9.142848366139119110e-01
-2.400835448193148480e-01 9.108917819937129012e-01
-2.456681523718858562e-01 9.094015097342171838e-01
-2.528437990343096464e-01 9.136596956790379309e-01
-2.592630038353082034e-01 9.149774028254420433e-01
-2.654293682605272653e-01 9.152902641965544595e-01
-2.710404872652872332e-01 9.136443900835689025e-01
-2.766414017483263543e-01 9.119641177737762838e-01
-2.834165072187023182e-01 9.140700828120014165e-01
-2.890198007282006598e-01 9.123138646557000797e-01
-2.970749974196805754e-01 9.181347370031444077e-01
-3.027029740618961129e-01 9.162946354081853428e-01
-3.095975652467190531e-01 9.182103857379898537e-01
-3.158764021377258868e-01 9.181846922766203623e-01
-3.215043313685953530e-01 9.162292264874651870e-01
-3.284677187120251807e-01 9.180054489248641314e-01
-3.340943110983441433e-01 9.159727276416839148e-01
-3.397083250219811168e-01 9.139055205010984118e-01
-3.453095491184731136e-01 9.118039053322924969e-01
-3.516175535228455717e-01 9.115339227520002918e-01
-3.575696099773752468e-01 9.102900335097215967e-01
-3.642622733181396510e-01 9.108644292095885442e-01
-3.713524085271754371e-01 9.123170593944531781e-01
-3.792393847941136764e-01 9.155645703091308540e-01
-3.856267247727556136e-01 9.150633701411743370e-01
-3.912341889003310702e-01 9.126799831641901894e-01
-4.000239480196816078e-01 9.175957359122219881e-01
-4.060518914757549891e-01 9.160381050084938082e-01
-4.116649519661938483e-01 9.135293732120834953e-01
-4.172625135030025301e-01 9.109862475491863343e-01
-4.228443653411412262e-01 9.084088237670515653e-01
-4.314031706646647701e-01 9.121250960225280036e-01
-4.378579724753911551e-01 9.112636671922074161e-01
-4.473886612299279308e-01 9.166478859916609156e-01
-4.525605950542274658e-01 9.129896037990293811e-01
-4.613013410927809810e-01 9.164480998248373256e-01
-4.678260328724747064e-01 9.153812304633184294e-01
-4.738944603110296083e-01 9.133811530620500330e-01
-4.818198217067302669e-01 9.148801780947241058e-01
-4.893099140648112244e-01 9.154342042223049258e-01
-4.949177017807497303e-01 9.124146221572178028e-01
-5.009890625312375390e-01 9.102367991718095519e-01
-5.114402376893675273e-01 9.158765939215121055e-01
-5.185290284856618470e-01 9.153314934662710733e-01
