-1.343502849064475910e-02 -1.343502833043365256e-02
-1.335233979362848190e-02 -1.351721120717866605e-02
-1.326914838853777111e-02 -1.359888516853336414e-02
-1.318545740748217933e-02 -1.368004713951909493e-02
-1.310127000138001756e-02 -1.376069406443335141e-02
-1.301658933983972088e-02 -1.384082290696482358e-02
-1.293141861104050994e-02 -1.392043065030771146e-02
-1.284576102161236362e-02 -1.399951429727530616e-02
-1.275961979651529278e-02 -1.407807087041283191e-02
-1.267299817891791129e-02 -1.415609741210954384e-02
-1.258589943007534621e-02 -1.423359098471008860e-02
-1.249832682920644540e-02 -1.431054867062509124e-02
-1.241028367337032243e-02 -1.438696757244101350e-02
-1.232177327734220937e-02 -1.446284481302923496e-02
-1.223279897348868335e-02 -1.453817753565437437e-02
-1.214336411164217665e-02 -1.461296290408184255e-02
-1.205347205897487964e-02 -1.468719810268463363e-02
-1.196312619987195680e-02 -1.476088033654932019e-02
-1.187232993580412781e-02 -1.483400683158129195e-02
-1.178108668519960330e-02 -1.490657483460918441e-02
-1.168939988331539614e-02 -1.497858161348854938e-02
-1.159727298210796315e-02 -1.505002445720471024e-02
-1.150470945010325687e-02 -1.512090067597482781e-02
-1.141171277226613739e-02 -1.519120760134918049e-02
-1.131828644986915614e-02 -1.526094258631161514e-02
-1.122443400036074110e-02 -1.533010300537922081e-02
-1.113015895723277159e-02 -1.539868625470115771e-02
-1.103546486988752837e-02 -1.546668975215671066e-02
-1.094035530350408181e-02 -1.553411093745249785e-02
-1.084483383890404856e-02 -1.560094727221885379e-02
-1.074890407241678100e-02 -1.566719624010541254e-02
-1.065256961574397032e-02 -1.573285534687583753e-02
-1.055583409582366156e-02 -1.579792212050173256e-02
-1.045870115469370656e-02 -1.586239411125570792e-02
-1.036117444935464628e-02 -1.592626889180362090e-02
-1.026325765163201703e-02 -1.598954405729594366e-02
-1.016495444803811390e-02 -1.605221722545833660e-02
-1.006626853963319898e-02 -1.611428603668130580e-02
-9.967203641886151003e-03 -1.617574815410905906e-02
-9.867763484534589416e-03 -1.623660126372748758e-02
-9.767951811444438096e-03 -1.629684307445127683e-02
-9.667772380468989471e-03 -1.635647131821017786e-02
-9.567228963307404868e-03 -1.641548375003439031e-02
-9.466325345362722188e-03 -1.647387814813908863e-02
-3.450287442664226687e-03 -6.090609131107439442e-03
nan nan
nan nan
nan nan
nan nan
nan nan
-3.223771060215486952e-03 -6.213477542910482432e-03
-5.461003233178154392e-01 -1.068538511853034612e+00
-5.184018588018118878e-01 -1.029887618234779811e+00
-5.071874681516332917e-01 -1.023193422900024130e+00
-5.004611390539173144e-01 -1.025387596126722922e+00
-4.932938813485913121e-01 -1.026636390911953356e+00
-4.865576975137675397e-01 -1.028739827671143692e+00
-4.802363091098710846e-01 -1.031705923923712520e+00
-4.726475426727771989e-01 -1.031905653999908301e+00
-4.663069909779160582e-01 -1.034786339548756651e+00
-4.595436228403921297e-01 -1.036713813496117575e+00
-4.499768631041835554e-01 -1.032180666311365513e+00
-4.420590559138244946e-01 -1.031245724356510962e+00
-4.357231292908954612e-01 -1.033938734896781231e+00
-4.270747269322252571e-01 -1.031049612386926828e+00
-4.177242203496346895e-01 -1.026240987533467930e+00
-4.114194603118336846e-01 -1.028784776538366641e+00
-4.047335804852083552e-01 -1.030359021917884199e+00
-3.969642356168407438e-01 -1.029091101176178524e+00
-3.924131943219813512e-01 -1.036183368754004075e+00
-3.888352604969181336e-01 -1.046070392364567558e+00
-3.851506237407906208e-01 -1.055952125800667440e+00
-3.786641727694989301e-01 -1.058295487664791867e+00
-3.738189952246155356e-01 -1.065316968101909456e+00
-3.682512336571616696e-01 -1.070427465930402278e+00
-3.626347945687778407e-01 -1.075509639249994542e+00
-3.582245273651051831e-01 -1.084361146717263580e+00
-3.524878241483646590e-01 -1.089393083395001183e+00
-3.448907740177556969e-01 -1.088675462437435959e+00
-3.364274118928965440e-01 -1.085040405252367668e+00
-3.303439576552021917e-01 -1.088998115557346047e+00
-3.236557720170620267e-01 -1.091004567949553916e+00
-3.163983687296904601e-01 -1.091049108321145322e+00
-3.102430966332894724e-01 -1.094894171615750533e+00
-3.035191118673324917e-01 -1.096777176448351820e+00
-2.954797304729902541e-01 -1.093791920621583147e+00
-2.887627869083874699e-01 -1.095584359889435255e+00
-2.820349715874618246e-01 -1.097335551023068678e+00
-2.752965378086718040e-01 -1.099045428091123489e+00
-2.685477392702546595e-01 -1.100713926717690638e+00
-2.601714304180964277e-01 -1.095530434095857153e+00
-2.525441333551169953e-01 -1.093208769461222252e+00
-2.445169857305582728e-01 -1.088883634405765521e+00
-2.378311182041598359e-01 -1.090363464538878224e+00
-2.311362964700853784e-01 -1.091802243101542391e+00
-2.244327725846032573e-01 -1.093199915924555121e+00
-2.177207989316129744e-01 -1.094556430386321777e+00
-2.113787606522569973e-01 -1.097835637872273340e+00
-2.046385884814376499e-01 -1.099111967154225100e+00
-1.975367079214266630e-01 -1.098378520643512823e+00
-1.906224953903304375e-01 -1.098584582778267871e+00
-1.840430393264388398e-01 -1.100719894097927698e+00
-1.766502409943599694e-01 -1.097879167716089954e+00
-1.703688502111607994e-01 -1.101907199425008033e+00
-1.631642729407435655e-01 -1.099964269685183238e+00
-1.565526121549029870e-01 -1.101934824830398840e+00
-1.496537329464200927e-01 -1.101883721072029365e+00
-1.427613800563035940e-01 -1.101789480391557774e+00
-1.359982392660601391e-01 -1.102644706899557292e+00
-1.292299782186898949e-01 -1.103458419455249029e+00
-1.224568517354100022e-01 -1.104230587422813104e+00
-1.156791148206185726e-01 -1.104961181730560682e+00
-1.091910760904699629e-01 -1.108635749935720671e+00
-1.023865593303778798e-01 -1.109284864046120367e+00
-9.540659538541107487e-02 -1.107899614633611307e+00
-8.860685495571281323e-02 -1.108464162615642401e+00
-8.180377852782058645e-02 -1.108986977546134733e+00
-7.459295597018891777e-02 -1.103481659469738307e+00
-6.782071541541748183e-02 -1.103918580524396731e+00
-6.104592144890098881e-02 -1.104313939666122568e+00
-5.392535701651995222e-02 -1.097676184292259327e+00
-4.718912725049358853e-02 -1.097986400626669745e+00
-4.041431630007486647e-02 -1.097256028436379705e+00
-3.392631404927175243e-02 -1.105479482885814546e+00
-2.709349882349542521e-02 -1.103667468604483393e+00
-2.032101232918187214e-02 -1.103812934963277259e+00
-1.354776076019702409e-02 -1.103916843386634428e+00
-6.816950020885138677e-03 -1.110979027673111297e+00
1.756204682788843444e-08 -1.105000019073486106e+00
6.816985335030605053e-03 -1.110979027456423740e+00
1.363369635699690843e-02 -1.110916285352197219e+00
2.044989407797259684e-02 -1.110811717875391791e+00
2.719170054731781527e-02 -1.107666330706915891e+00
3.401837429193645124e-02 -1.108478091029338808e+00
4.078242322546923870e-02 -1.107249241461124800e+00
4.757560932036030560e-02 -1.106978161554316165e+00
5.441606835552710575e-02 -1.107664127606487137e+00
6.132193259676053249e-02 -1.109306310862638867e+00
6.812735398208490112e-02 -1.108909164168318640e+00
7.506510458880014114e-02 -1.110465807046573605e+00
8.187738179781492431e-02 -1.109984312004660856e+00
8.868657636951074452e-02 -1.109461026678440820e+00
9.549243194154627412e-02 -1.108895970769311790e+00
1.022946922772916545e-01 -1.108289165551310074e+00
1.090931012754756263e-01 -1.107640633870310864e+00
1.163038842279912055e-01 -1.110928607199778151e+00
1.234488938080143261e-01 -1.113175808800537014e+00
1.307421570738956651e-01 -1.116370182025000934e+00
1.375896147428746219e-01 -1.115546947853731652e+00
1.444318922403361460e-01 -1.114681713968047827e+00
1.512687319583854162e-01 -1.113774512943518147e+00
1.580998764938569556e-01 -1.112825378935750287e+00
1.653652632192244287e-01 -1.114801897953948462e+00
1.734248264262417960e-01 -1.121672326453060364e+00
1.803040139534966835e-01 -1.120587096527463355e+00
1.871764131361566275e-01 -1.119459677128692210e+00
1.940417652322623809e-01 -1.118290110703452633e+00
1.998377788922121312e-01 -1.111173139453979664e+00
2.066520474009445607e-01 -1.109926040338536923e+00
2.140257455981407486e-01 -1.111583065330416176e+00
2.208422622803571100e-01 -1.110248902768698143e+00
2.276504643757564506e-01 -1.108872939960979576e+00
2.352785551727394342e-01 -1.111368564419114469e+00
2.420933556239138473e-01 -1.109904001103666715e+00
2.493372382782128582e-01 -1.110349029654435604e+00
2.563706127819324054e-01 -1.109772607979893966e+00
2.638683752698592899e-01 -1.111097380542487079e+00
2.709180082767160269e-01 -1.110428947772919672e+00
2.782123265930477318e-01 -1.110685760084012097e+00
2.865157054322414187e-01 -1.114768946118102289e+00
2.941150081019541784e-01 -1.115890883222407259e+00
3.030427756625677649e-01 -1.121788277129737610e+00
3.107203785643758431e-01 -1.122799072613780869e+00
3.200575046888577413e-01 -1.129530544922204394e+00
3.292103112336802750e-01 -1.135228905516560083e+00
3.387293997893094377e-01 -1.141815815870466322e+00
3.457290736354489136e-01 -1.139715916926994144e+00
3.527157309766483784e-01 -1.137573108321031645e+00
3.596891087691932443e-01 -1.135387470728115966e+00
3.660332530693247155e-01 -1.131256240908177446e+00
3.720265687193304305e-01 -1.126140403006503865e+00
3.789294332278020927e-01 -1.123836491554882189e+00
3.858180312564904457e-01 -1.121490268292193226e+00
3.926921034535588162e-01 -1.119101821552422216e+00
3.995513910140597869e-01 -1.116671241259243441e+00
4.074236251031471689e-01 -1.117017016277739305e+00
4.146182782079135265e-01 -1.115433467115184207e+00
4.225171002742187931e-01 -1.115673878035508215e+00
4.307943975334597164e-01 -1.116792393858626165e+00
4.398324473376909460e-01 -1.119712595561154878e+00
4.470659297036667645e-01 -1.117921305509652186e+00
4.546709553438894602e-01 -1.117009512519271164e+00
4.630469977431294071e-01 -1.117894257162433735e+00
4.698975514165444900e-01 -1.115032010073437885e+00
4.767304137117512886e-01 -1.112127782657144959e+00
4.835453273753320680e-01 -1.109181684256081768e+00
4.968258620874054232e-01 -1.120821102363007915e+00
5.045154634582638131e-01 -1.119575034205402719e+00
5.113755495538310214e-01 -1.116458309746966471e+00
5.186383523578517174e-01 -1.114206081245171065e+00
5.293132522986343513e-01 -1.119138761865147380e+00
5.387687242769907403e-01 -1.121277912624836670e+00
5.460772509911437922e-01 -1.118849698495379075e+00
5.547085699309391993e-01 -1.119061788157173609e+00
5.615645619367729546e-01 -1.115637094240380156e+00
5.720400876349825969e-01 -1.119294001331808674e+00
5.811998697015865467e-01 -1.120201152649435095e+00
5.880623540254531489e-01 -1.116613889720303732e+00
5.949026981328325858e-01 -1.112984586906997642e+00
6.050582815700997763e-01 -1.115466544297615492e+00
6.157486864773161761e-01 -1.118741448434750652e+00
6.240642246409067173e-01 -1.117561528633281620e+00
6.318954893717668719e-01 -1.115451456197903868e+00
6.422155138165355215e-01 -1.117622620709678660e+00
6.525857814673285962e-01 -1.119708804874897545e+00
6.630056966370978522e-01 -1.121709577671087699e+00
6.698758965114974817e-01 -1.117620335214607019e+00
6.824338114362382690e-01 -1.122889184460081236e+00
6.935076096924664979e-01 -1.125491566339374749e+00
7.009302064753729633e-01 -1.122063155319755312e+00
7.099418887547840340e-01 -1.121120677182201542e+00
7.216691047445144003e-01 -1.124317398033763515e+00
7.290995520804081087e-01 -1.120706418428919049e+00
7.409164435122488346e-01 -1.123725369313056222e+00
7.500198640617141699e-01 -1.122483972217806159e+00
7.585751740870200210e-01 -1.120344958728808793e+00
7.705267564555340343e-01 -1.123090595816921722e+00
7.796865677838663578e-01 -1.121626056107058123e+00
7.905846986513532793e-01 -1.122543943445275749e+00
7.980383883473594064e-01 -1.118485852530016311e+00
8.125016450650054400e-01 -1.124104078314564603e+00
8.223375189278163688e-01 -1.123131734683164629e+00
8.304048999542948950e-01 -1.119671313835968629e+00
8.384606595811517904e-01 -1.116154021428872101e+00
8.555871322224920528e-01 -1.124517507262205784e+00
8.655228471942961743e-01 -1.123207083445217913e+00
8.791659939399211199e-01 -1.126547030681478656e+00
8.873019052237645088e-01 -1.122700455424233912e+00
8.985479602342575367e-01 -1.122700075235455675e+00
9.117161803259992148e-01 -1.124934430961828546e+00
9.281174518429106124e-01 -1.130914306476220599e+00
9.375956051927192281e-01 -1.128274569201992650e+00
9.515830892368933869e-01 -1.130917219240317628e+00
9.610983780660632414e-01 -1.128101896059016562e+00
9.706148468016024822e-01 -1.125212267207739369e+00
9.853944839690255142e-01 -1.128273809014479268e+00
9.969357827495324287e-01 -1.127450234254611550e+00
1.006502885939363656e+00 -1.124292119861461714e+00
1.026142122276724189e+00 -1.132173280088403233e+00
1.034421858335141886e+00 -1.127329291489922225e+00
1.045403183028950522e+00 -1.125356932678944988e+00
1.063934959497039312e+00 -1.131305139659890990e+00
1.072925125435977067e+00 -1.126928417159309248e+00
1.091617118384883067e+00 -1.132563871415928292e+00
1.105529606567756007e+00 -1.133001815479939056e+00
1.119488388709520388e+00 -1.133311484426822613e+00
1.129956714056957745e+00 -1.129956628747602387e+00
1.143983042104623538e+00 -1.130029613856092574e+00
1.163778398611598153e+00 -1.135559769845304601e+00
1.175044114353391178e+00 -1.132561358034998689e+00
1.254395988735728773e+00 -1.194284170672549328e+00
1.367327691753212227e+00 -1.285901973986474545e+00
1.378122765397363558e+00 -1.280210451977848329e+00
1.408056523278612637e+00 -1.292013110723630120e+00
1.427812903095458497e+00 -1.294094080882931985e+00
1.437961537395031408e+00 -1.287309758569188611e+00
1.462314309560294623e+00 -1.293035554688085176e+00
1.481518490738972460e+00 -1.293905712025631205e+00
1.497759183747920275e+00 -1.291975853031835264e+00
1.513270420731932742e+00 -1.289246591632002836e+00
1.535690730620167033e+00 -1.292169825289903429e+00
1.548974126962959552e+00 -1.287196530507183967e+00
1.576168393309016924e+00 -1.293527864385105586e+00
1.593398387464291188e+00 -1.291388037698485203e+00
1.613003155016923040e+00 -1.290959627120901176e+00
1.630308715579326106e+00 -1.288478861788568741e+00
1.658681009186152355e+00 -1.294447254629991662e+00
1.682434481185374420e+00 -1.296453055228129259e+00
1.707865978362836712e+00 -1.299426568531836024e+00
1.717406109336177877e+00 -1.290124127287270772e+00
1.757418104314534268e+00 -1.303389983099039862e+00
1.786360527730028291e+00 -1.307941896969401663e+00
1.804888234000484815e+00 -1.304571751292844972e+00
1.814487108281401584e+00 -1.294634288910461173e+00
1.855100040270348805e+00 -1.306508738181379581e+00
1.881967065639568837e+00 -1.308229420783407981e+00
1.895730883308164527e+00 -1.300617365746553622e+00
1.931001116031398679e+00 -1.307462722202189509e+00
1.948133303954420636e+00 -1.301700935751842758e+00
1.987808597235138475e+00 -1.310640370421858103e+00
2.020959833548569673e+00 -1.314778466344799446e+00
2.052552556082571478e+00 -1.317478073513277392e+00
2.085098602206606699e+00 -1.320373999659635311e+00
2.126237737069337275e+00 -1.328217577224126034e+00
nan nan
nan nan
nan nan
nan nan
nan nan
nan nan
nan nan
nan nan
2.225218061689451687e+00 -1.224746661209745735e+00
2.232691077032697091e+00 -1.211069923972994955e+00
2.240080032814135702e+00 -1.197347590635568615e+00
2.256232613604857828e+00 -1.188239937941341751e+00
2.295436083011938688e+00 -1.190952984479354715e+00
2.328523475062967751e+00 -1.190043476499008435e+00
2.371510549779216603e+00 -1.193717956791117585e+00
2.398501747250910920e+00 -1.188914889098878325e+00
2.443496019083889248e+00 -1.192597482156395161e+00
2.476906603545692587e+00 -1.190141656969931017e+00
2.531170034278414249e+00 -1.197154121465655141e+00
2.567479107494428092e+00 -1.195104652241225418e+00
2.632041351153946884e+00 -1.205563443117042999e+00
2.660358243073583484e+00 -1.198840238867904917e+00
2.732573092910950852e+00 -1.211266189650599179e+00
2.778454196293911771e+00 -1.211260775511346921e+00
2.852929538905044193e+00 -1.222951190523332343e+00
2.890789677844452843e+00 -1.218238303864645156e+00
2.981359309763681242e+00 -1.234919290389212554e+00
3.023150233917510032e+00 -1.230552016262217663e+00
3.112352440986104085e+00 -1.244655080856127416e+00
3.121792532992016866e+00 -1.226265874552104673e+00
3.210428267681094905e+00 -1.238398656759275518e+00
3.266596090030164490e+00 -1.237093043305734330e+00
3.345363000683329702e+00 -1.243506105535068018e+00
3.399902952640805776e+00 -1.240088952013429280e+00
3.491245404131722019e+00 -1.249187383032308363e+00
3.564896257534431623e+00 -1.250919482678449102e+00
3.649098701233205677e+00 -1.255372223048825120e+00
3.725906533290694878e+00 -1.256281771819819815e+00
3.791466117620898579e+00 -1.252531006660549062e+00
nan nan
nan nan
nan nan
nan nan
nan nan
nan nan
nan nan
nan nan
nan nan
nan nan
nan nan
nan nan
nan nan
nan nan
nan nan
nan nan
nan nan
nan nan
nan nan
nan nan
nan nan
nan nan
nan nan
nan nan
nan nan
nan nan
nan nan
nan nan
nan nan
nan nan
nan nan
nan nan
nan nan
nan nan
nan nan
nan nan
nan nan
nan nan
nan nan
nan nan
nan nan
nan nan
nan nan
nan nan
nan nan
nan nan
nan nan
nan nan
nan nan
nan nan
nan nan
nan nan
nan nan
nan nan
nan nan
nan nan
nan nan
5.995934346259270027e-03 2.208437030960854754e-04
nan nan
nan nan
nan nan
nan nan
nan nan
nan nan
nan nan
nan nan
nan nan
nan nan
nan nan
nan nan
nan nan
nan nan
nan nan
nan nan
nan nan
nan nan
nan nan
nan nan
nan nan
nan nan
nan nan
nan nan
nan nan
nan nan
nan nan
nan nan
nan nan
nan nan
nan nan
nan nan
nan nan
nan nan
nan nan
nan nan
nan nan
nan nan
nan nan
nan nan
nan nan
nan nan
nan nan
nan nan
nan nan
nan nan
nan nan
nan nan
nan nan
nan nan
nan nan
nan nan
nan nan
nan nan
nan nan
nan nan
nan nan
5.032371691235876909e+00 2.084477021257116647e+00
4.966038953802363487e+00 2.092791784072323136e+00
4.791340198504930648e+00 2.053880773780497382e+00
4.724563550165317594e+00 2.059663383913122647e+00
4.629558175311117019e+00 2.052142396377174105e+00
4.573117121621591785e+00 2.060789587852958071e+00
4.560386266430241697e+00 2.088810913995367002e+00
4.480395742579786678e+00 2.085525622635736376e+00
4.440395418901651681e+00 2.100151014843884667e+00
4.319263360431206955e+00 2.075385811928407875e+00
4.257020783612937898e+00 2.077725424464493376e+00
4.214625084158354795e+00 2.089150871549133370e+00
4.184755647102569753e+00 2.106429357440560590e+00
4.096954273858804285e+00 2.093839806046527308e+00
4.024557815529771432e+00 2.088082772074199234e+00
3.968314951837025983e+00 2.089904935792756824e+00
3.926313439599526056e+00 2.098658626543284278e+00
3.850952447472985707e+00 2.088857729710181577e+00
3.803896201575827085e+00 2.093642222035718259e+00
3.738592600184330372e+00 2.087690093194178420e+00
3.705700187218124331e+00 2.099253588241875690e+00
3.649397587864752879e+00 2.097040575892240355e+00
3.603630630152938608e+00 2.100258868150719493e+00
3.548493552078235691e+00 2.097398222421292147e+00
3.512398320876709779e+00 2.105250891740015451e+00
3.458395963017282693e+00 2.101833915230909788e+00
3.432664035234127997e+00 2.115145891932605160e+00
3.384848083841978550e+00 2.114446487122390028e+00
3.348154569359725219e+00 2.120195851406798671e+00
3.296370733456029711e+00 2.115851937385379689e+00
3.276620145593080569e+00 2.131675583948978936e+00
3.252625521898417027e+00 2.144584458797590187e+00
3.206146617827827061e+00 2.142279032508593417e+00
3.152367259967940871e+00 2.134438816845676712e+00
3.111999807530920314e+00 2.135072051536159421e+00
3.081597592096752880e+00 2.142140387058150353e+00
3.047138432499671090e+00 2.146037361968815560e+00
3.007050041707655108e+00 2.145526995621463762e+00
2.980050989173183229e+00 2.153978978209244222e+00
2.947414040387731582e+00 2.158045487140092256e+00
2.922871990331845637e+00 2.167749958809754851e+00
2.883131181780132835e+00 2.165823216120084105e+00
2.845116803719439869e+00 2.164702222970136258e+00
2.811978142901801370e+00 2.166859152157369905e+00
2.782862697470703583e+00 2.171767714337299982e+00
2.745163420615241545e+00 2.169580443617109111e+00
2.720868988973107250e+00 2.177635463906292479e+00
2.684926436067403888e+00 2.176030021055615826e+00
2.657609738937409816e+00 2.181044297193749593e+00
2.620334949432109539e+00 2.177497231840153535e+00
2.593151643966282727e+00 2.181945264597322520e+00
2.557639762707831554e+00 2.179008522071399057e+00
2.531348951367055733e+00 2.183556972654203676e+00
2.491541824146751516e+00 2.176024797423581791e+00
2.465407617640508420e+00 2.180010447392025430e+00
2.446024528906399098e+00 2.189760935329156943e+00
2.414018514849262775e+00 2.187939199072417296e+00
2.396127374376976427e+00 2.198653727540033298e+00
2.381858806129686812e+00 2.212633986090423832e+00
2.352939816674194162e+00 2.212820449635245712e+00
2.303829789545096318e+00 2.193428654960297930e+00
2.273767737246090270e+00 2.191562052252123749e+00
2.246678839052181686e+00 2.192203186517260871e+00
2.228916817016719953e+00 2.201730723190725048e+00
2.196273445692637161e+00 2.196273803511028966e+00
2.167998234297171756e+00 2.194768527989037654e+00
2.141919716096149617e+00 2.195146553561624803e+00
2.115224900403196440e+00 2.194567887694832464e+00
2.083791397702952075e+00 2.188674909723181017e+00
2.065527149414748465e+00 2.196320383642325069e+00
2.047247549486937324e+00 2.203824142596417346e+00
2.020840964400955730e+00 2.202344951838975273e+00
1.992515242069136328e+00 2.198402159613886298e+00
1.971651647331024826e+00 2.202391044197280046e+00
1.952139130636638242e+00 2.207705137019889907e+00
1.924084362926479219e+00 2.203071511638255764e+00
1.896813780960305174e+00 2.198934681874459951e+00
1.881340107422124319e+00 2.208248295143041773e+00
1.854878517237077196e+00 2.204447079899067852e+00
1.836204284704130441e+00 2.209633971456033574e+00
1.814999038514217400e+00 2.211583107060558717e+00
1.792579806339165138e+00 2.211801522609572856e+00
1.769601894237386341e+00 2.211047994309589093e+00
1.743600715076109031e+00 2.206173327324425948e+00
1.723263570552827417e+00 2.208158583271023101e+00
1.703578156775650720e+00 2.210769514499719257e+00
1.681503943619441666e+00 2.210039187924842441e+00
1.658301861823809453e+00 2.207522476030400416e+00
1.640555664636799138e+00 2.212033640696916326e+00
1.622816698600991536e+00 2.216410351778991039e+00
1.599813727301538924e+00 2.213358702568404279e+00
1.583879471553343521e+00 2.219877205880816717e+00
1.564470668900885819e+00 2.221378078492480146e+00
1.540536974148408067e+00 2.216155723981929615e+00
1.524081309149456276e+00 2.221443718380383014e+00
1.504815486261321889e+00 2.222473044654823759e+00
1.485594623607029652e+00 2.223349893047964265e+00
1.469722635595249072e+00 2.229084067914135048e+00
1.448382919840414562e+00 2.226324859612195173e+00
1.434695181529487717e+00 2.235170060444791940e+00
1.418278506351248636e+00 2.239706945065630617e+00
1.400800615129078830e+00 2.242430359913918370e+00
1.387014951046823041e+00 2.250983298023832457e+00
1.372657624536262944e+00 2.258596788041201009e+00
1.337695142363148015e+00 2.231809959690160383e+00
1.321940537714545005e+00 2.236532466212407311e+00
1.302653546814127816e+00 2.235097801960746811e+00
1.285427144128696630e+00 2.236979361429244584e+00
1.270198393932543857e+00 2.242214204463297555e+00
1.248128182834372879e+00 2.235123206055053213e+00
1.234390228622108898e+00 2.242739501260347268e+00
1.215837813345897134e+00 2.241481244278282769e+00
1.198761692582119620e+00 2.242725867575142473e+00
1.179386262522954310e+00 2.239421472625734211e+00
1.162399472326397731e+00 2.240402443867701709e+00
1.147265479069276894e+00 2.244821253224199342e+00
1.129423495123969223e+00 2.243779621596743379e+00
1.115190464964517902e+00 2.249771280590078248e+00
1.100487965636230081e+00 2.254774390783992555e+00
1.081435052113170370e+00 2.250668150412826751e+00
1.062901783807777223e+00 2.247317534627682800e+00
1.046560474598165813e+00 2.248357459927881496e+00
1.031079414521142823e+00 2.251100084497086318e+00
1.015193251449642453e+00 2.252825658014932841e+00
9.952724976186559935e-01 2.245299333234227035e+00
9.810771733702063901e-01 2.250447112306499076e+00
9.668562571950376494e-01 2.255505477537190107e+00
9.510567653262488319e-01 2.256787861078480617e+00
9.348954466706217437e-01 2.257037856546953769e+00
9.202748733210270871e-01 2.260879272106443238e+00
9.026718870629396596e-01 2.257198360021919648e+00
8.858801197323374899e-01 2.255248519533183060e+00
8.716655434619755560e-01 2.259708575841154587e+00
8.553046897962964801e-01 2.258468220578404573e+00
8.410824947158814791e-01 2.262736485505711048e+00
8.261547820443936319e-01 2.265036277962414246e+00
8.098830101239884449e-01 2.263472049934514008e+00
7.946549526958026632e-01 2.264624464214699096e+00
7.774914197378621772e-01 2.260001680016183290e+00
7.626511611515446321e-01 2.261886957176293844e+00
7.484443929104463988e-01 2.265574231699462260e+00
7.329897915351639703e-01 2.265366894197650804e+00
7.190759628711053120e-01 2.269821790238710779e+00
7.051350614019611385e-01 2.274191228767520556e+00
6.905870156923398229e-01 2.276561075114766464e+00
6.723392253284946607e-01 2.266375157350674296e+00
6.584203518076932049e-01 2.270457889522958350e+00
6.444766891314074320e-01 2.274455140234212802e+00
6.305087622706850858e-01 2.278366758990198804e+00
6.165170971101071595e-01 2.282192598520672355e+00
5.999535671922262559e-01 2.276262759051248974e+00
5.859753871258791547e-01 2.279901155031278659e+00
5.717321250099119956e-01 2.282483521773669199e+00
5.577163063207113414e-01 2.285948637130909677e+00
5.436794899266318426e-01 2.289327687809195933e+00
5.296222043059061191e-01 2.292620546589172026e+00
5.155449787074222190e-01 2.295827089496560003e+00
5.014483431307970029e-01 2.298947195806824162e+00
4.873328283064218835e-01 2.301980748049718972e+00
4.705846043649897781e-01 2.292193213594140300e+00
4.541700596267203571e-01 2.283268244565411109e+00
4.399625390998283536e-01 2.285029871024012227e+00
4.255675237806029743e-01 2.285720346943721726e+00
4.104725636434474745e-01 2.282383250252863593e+00
3.957765575121463542e-01 2.280917837506331924e+00
3.817736579952917819e-01 2.283303339241551821e+00
3.677563849151930797e-01 2.285602875891793229e+00
3.537252660142884420e-01 2.287816360880796207e+00
3.399742690391111544e-01 2.291921920531601486e+00
3.259049001986341065e-01 2.293964818703299713e+00
3.128999243261520458e-01 2.303848705771706751e+00
2.987578837720863967e-01 2.305725254364297871e+00
2.841149591516820005e-01 2.303545126623242734e+00
2.699753231931699138e-01 2.305245059699769783e+00
2.557152824179196871e-01 2.305864129688588005e+00
2.413537239649120869e-01 2.305400776973382193e+00
2.272035069177983646e-01 2.306838297103951607e+00
2.130447357865890567e-01 2.308188966071631487e+00
1.988779436410443580e-01 2.309452733024496052e+00
1.845442917314001063e-01 2.308635816604828861e+00
1.704488534059969973e-01 2.310721917885084853e+00
1.561324433552042090e-01 2.309728972209220466e+00
1.419572732672584880e-01 2.310643502900707968e+00
1.277767585679113749e-01 2.311471039165450048e+00
1.136895611777949677e-01 2.314208995985700401e+00
9.940183106970711113e-02 2.312865007066066791e+00
8.539251761122704232e-02 2.318427874267949385e+00
7.088923679718749093e-02 2.309912599776223097e+00
5.693541049791039227e-02 2.319301198481564352e+00
4.253771727414961540e-02 2.310608587603651731e+00
2.846972912072045364e-02 2.319825244446309220e+00
1.419819773736669642e-02 2.313956332351603251e+00
-2.392799349676400443e-07 2.315999984741198503e+00
-1.421094842469014345e-02 2.315956385225369285e+00
-2.842112253523941534e-02 2.315825591255767701e+00
-4.263022660652936169e-02 2.315607607756712483e+00
-5.693588973991573626e-02 2.319301186716832941e+00
-7.138050629712898443e-02 2.325904849860360724e+00
-8.576106959386473050e-02 2.328421070900265288e+00
-1.000463786691455775e-01 2.327851018984120834e+00
-1.143279210546063324e-01 2.327193324787941275e+00
-1.286603635663401413e-01 2.327446654334696774e+00
-1.429388861666774646e-01 2.326613395634999915e+00
-1.572120271984405182e-01 2.325692541251089818e+00
-1.716263679594413338e-01 2.326678562184747001e+00
-1.859790645775195594e-01 2.326578669192615578e+00
-2.001653706577641578e-01 2.324397247954503420e+00
-2.145157607034120506e-01 2.324121232813178395e+00
-2.290662931215894094e-01 2.325746575643719005e+00
-2.451025843473001731e-01 2.341205064529067847e+00
-2.594633349758735941e-01 2.339657070776287817e+00
-2.739306272620450344e-01 2.339014130201855668e+00
-2.882773918901474497e-01 2.337289292141889518e+00
-3.026133030367762489e-01 2.335476456456218042e+00
-3.172069951700944856e-01 2.335557589248960841e+00
-3.315317361955935072e-01 2.333567277448497457e+00
-3.467243498959166059e-01 2.337423972788752913e+00
-3.615183822605078090e-01 2.338217304153704212e+00
-3.779237679052914189e-01 2.348789982229748219e+00
-3.941426296830390918e-01 2.357276413344117305e+00
-4.087701362240203085e-01 2.355798830712715120e+00
-4.232173515254021856e-01 2.353246316989325404e+00
-4.376486329318158286e-01 2.350605204867230125e+00
-4.520634371136424967e-01 2.347875593782813741e+00
-4.664612213616218250e-01 2.345057586504396330e+00
-4.816458522169770884e-01 2.346069517657177972e+00
-4.970675788260047190e-01 2.347961728785998403e+00
-5.114650443981459960e-01 2.344867579656148227e+00
-5.258432535993751156e-01 2.341685147582335258e+00
-5.420023140607144185e-01 2.346209166892343934e+00
-5.566192216993852693e-01 2.343812205803045501e+00
-5.735974031458501710e-01 2.351039427225123823e+00
-5.889842211026226071e-01 2.351355716921809780e+00
-6.046453891916075962e-01 2.352540004230014414e+00
-6.188140741185916838e-01 2.347818777504678156e+00
-6.334691460372148253e-01 2.344942933035281563e+00
-6.494458092826886908e-01 2.346794593086817482e+00
-6.641059116681931052e-01 2.343727771684611660e+00
-6.826520134735852841e-01 2.354015103382466112e+00
-7.002115890378159957e-01 2.360327774830692338e+00
-7.146811071153686967e-01 2.355986924664994930e+00
-7.291237178516802864e-01 2.351557372918256839e+00
-7.435388774905894449e-01 2.347039286360606436e+00
-7.579260433094529015e-01 2.342432835095458632e+00
-7.882824849277061396e-01 2.386164240255520763e+00
-8.038673877867383855e-01 2.384125287398956683e+00
nan nan
nan nan
nan nan
nan nan
nan nan
nan nan
nan nan
nan nan
nan nan
nan nan
nan nan
nan nan
nan nan
nan nan
nan nan
nan nan
nan nan
nan nan
nan nan
nan nan
nan nan
nan nan
nan nan
nan nan
nan nan
nan nan
nan nan
nan nan
nan nan
-3.412851944430282843e-03 6.111664636605497643e-03
nan nan
