-1.343502849064475910e-02 -1.343502833043365256e-02
-1.335233979362848190e-02 -1.351721120717866605e-02
-1.326914838853777111e-02 -1.359888516853336414e-02
-1.318545740748217933e-02 -1.368004713951909493e-02
-1.310127000138001756e-02 -1.376069406443335141e-02
-1.301658933983972088e-02 -1.384082290696482358e-02
-1.293141861104050994e-02 -1.392043065030771146e-02
-1.284576102161236362e-02 -1.399951429727530616e-02
-1.275961979651529278e-02 -1.407807087041283191e-02
-1.267299817891791129e-02 -1.415609741210954384e-02
-1.258589943007534621e-02 -1.423359098471008860e-02
-1.249832682920644540e-02 -1.431054867062509124e-02
-1.241028367337032243e-02 -1.438696757244101350e-02
-1.232177327734220937e-02 -1.446284481302923496e-02
-1.223279897348868335e-02 -1.453817753565437437e-02
-1.214336411164217665e-02 -1.461296290408184255e-02
-1.205347205897487964e-02 -1.468719810268463363e-02
-1.196312619987195680e-02 -1.476088033654932019e-02
-1.187232993580412781e-02 -1.483400683158129195e-02
-1.178108668519960330e-02 -1.490657483460918441e-02
-1.168939988331539614e-02 -1.497858161348854938e-02
-1.159727298210796315e-02 -1.505002445720471024e-02
-1.150470945010325687e-02 -1.512090067597482781e-02
-1.141171277226613739e-02 -1.519120760134918049e-02
-1.131828644986915614e-02 -1.526094258631161514e-02
-1.122443400036074110e-02 -1.533010300537922081e-02
-1.113015895723277159e-02 -1.539868625470115771e-02
-1.103546486988752837e-02 -1.546668975215671066e-02
-1.094035530350408181e-02 -1.553411093745249785e-02
-1.084483383890404856e-02 -1.560094727221885379e-02
-1.074890407241678100e-02 -1.566719624010541254e-02
-1.065256961574397032e-02 -1.573285534687583753e-02
-1.055583409582366156e-02 -1.579792212050173256e-02
-1.045870115469370656e-02 -1.586239411125570792e-02
-1.036117444935464628e-02 -1.592626889180362090e-02
-1.026325765163201703e-02 -1.598954405729594366e-02
-1.016495444803811390e-02 -1.605221722545833660e-02
-1.006626853963319898e-02 -1.611428603668130580e-02
-9.967203641886151003e-03 -1.617574815410905906e-02
-9.867763484534589416e-03 -1.623660126372748758e-02
-9.767951811444438096e-03 -1.629684307445127683e-02
-9.667772380468989471e-03 -1.635647131821017786e-02
-9.567228963307404868e-03 -1.641548375003439031e-02
-9.466325345362722188e-03 -1.647387814813908863e-02
nan nan
nan nan
nan nan
nan nan
nan nan
nan nan
-7.667969323717559460e-01 -1.477919936084444164e+00
-7.554387353811522487e-01 -1.478144852938564791e+00
-7.454555768179335073e-01 -1.480965886741477222e+00
-7.314691476451244956e-01 -1.475656375446996460e+00
-7.210851147686383467e-01 -1.477420871944500114e+00
-7.111400281351014652e-01 -1.480014773184922472e+00
-6.977698941200028981e-01 -1.475310501301467125e+00
-6.874384138325692062e-01 -1.476844358558319303e+00
-6.779473267429346750e-01 -1.480125498218211044e+00
-6.655659330000708307e-01 -1.476963778932736560e+00
-6.540594594129387485e-01 -1.475534514503977546e+00
-6.445938418676838699e-01 -1.478603358869015505e+00
-6.355091676657624866e-01 -1.482530678146406711e+00
-6.260122037118776017e-01 -1.485480623874995798e+00
-6.115281365663658431e-01 -1.476359541805692066e+00
-6.013268224937864392e-01 -1.477305365798201819e+00
-5.918795925766103805e-01 -1.480038678590997137e+00
-5.827871037490961470e-01 -1.483642522286881649e+00
-5.718731998750851142e-01 -1.482525548121769621e+00
-5.617033305266957433e-01 -1.483201017924826504e+00
-5.498046509631006051e-01 -1.479120916713758893e+00
-5.393479602660723460e-01 -1.478708822168514070e+00
-5.289170781371499430e-01 -1.478224235072073567e+00
-5.191746642332158990e-01 -1.479554507078821635e+00
-5.081346782904704318e-01 -1.477038679903551754e+00
-4.987426566291210395e-01 -1.479181101051336267e+00
-4.896571830752105559e-01 -1.482213483379424268e+00
-4.805532742040865557e-01 -1.485190061204507472e+00
-4.696192244462770726e-01 -1.482390846202339407e+00
-4.581454279603934809e-01 -1.477603439094675286e+00
-4.490703989899331727e-01 -1.480386751202687146e+00
-4.399784627718255625e-01 -1.483114327583131997e+00
-4.308699616123494724e-01 -1.485786065544295154e+00
-4.217452384414445143e-01 -1.488401864496747384e+00
-4.126046367997998621e-01 -1.490961625957130332e+00
-4.003189496232865130e-01 -1.481880439205607525e+00
-3.912187660399443767e-01 -1.484308854189679394e+00
-3.818549437353107034e-01 -1.485712933882481046e+00
-3.698158095407246271e-01 -1.476387527234453323e+00
-3.607499040455870443e-01 -1.478628881866854705e+00
-3.523635956648856760e-01 -1.483733407230708456e+00
-3.428027832208748182e-01 -1.483918885123376885e+00
-3.336911746938081569e-01 -1.485994349161951167e+00
-3.245670028819181430e-01 -1.488013866350052838e+00
-3.143950554611039117e-01 -1.485085778454933614e+00
-3.046735036847122990e-01 -1.484048184126103065e+00
-2.955618195668094916e-01 -1.485889688863160307e+00
-2.862499527626458096e-01 -1.486693357991035747e+00
-2.771223849807379902e-01 -1.488421768147008439e+00
-2.679843836970852711e-01 -1.490094140061550831e+00
-2.588362929522901035e-01 -1.491710410770802131e+00
-2.491837143787189457e-01 -1.490311574432197084e+00
-2.400346433989762052e-01 -1.491812482306833276e+00
-2.308765352500746493e-01 -1.493257224281560269e+00
-2.214162600906124378e-01 -1.492667300490746696e+00
-2.123939221620666784e-01 -1.494987890595656177e+00
-2.030822634170014462e-01 -1.495272023570385356e+00
-1.940321276428358666e-01 -1.497481720970720298e+00
-1.847176832998130014e-01 -1.497651564170784377e+00
-1.756411125972620335e-01 -1.499750036094225969e+00
-1.662150711716860740e-01 -1.498811729008076910e+00
-1.570154060838626353e-01 -1.499803390831314642e+00
-1.476137977238165810e-01 -1.498748242070730097e+00
-1.380472303521425026e-01 -1.495642632730655563e+00
-1.286959483371626356e-01 -1.494468920011921220e+00
-1.194439503641537975e-01 -1.494233583689224654e+00
-1.081398903002553785e-01 -1.466017001347502902e+00
-9.752388611875721647e-02 -1.442707535752741244e+00
-8.787259290125963573e-02 -1.430303225620427998e+00
-7.876359575811216207e-02 -1.424824700315448167e+00
-6.987234879698224488e-02 -1.422284755416885371e+00
-6.118699315947184747e-02 -1.423685715307109190e+00
-5.241346522236936534e-02 -1.423035101211863829e+00
-4.349684906190409012e-02 -1.417332697512662110e+00
-3.462765231827070328e-02 -1.410575047054459352e+00
-2.560374050444799016e-02 -1.390764372091235490e+00
-1.703287369679882049e-02 -1.387895497860853977e+00
-8.510449985160381883e-03 -1.386973854965488195e+00
2.205983780754100355e-08 -1.388000011444091575e+00
8.522766447105558502e-03 -1.388973910503661591e+00
1.704518994112180774e-02 -1.388895468747600503e+00
2.556697169333503258e-02 -1.388764735859237653e+00
3.418595458000243253e-02 -1.392580460550847610e+00
4.260732664745592313e-02 -1.388346418342231603e+00
5.123567639361972098e-02 -1.391056718453010932e+00
5.964126509454865943e-02 -1.387719020949726545e+00
6.815502643945582639e-02 -1.387326945596740968e+00
7.666622178599609427e-02 -1.386882638165467307e+00
8.535848693062397796e-02 -1.389380371675692505e+00
9.394940510172350434e-02 -1.389828236826259333e+00
1.026961577991594848e-01 -1.392217503262472622e+00
1.113960736774626953e-01 -1.393554778292619645e+00
1.199446682875629083e-01 -1.392845031538804568e+00
1.286725626316075621e-01 -1.394074354139194893e+00
1.373220418134282472e-01 -1.394253822288066047e+00
1.458744376279179356e-01 -1.393384983620618023e+00
1.544213413519738287e-01 -1.392463684793161072e+00
1.630787414187147288e-01 -1.392483100451831657e+00
1.716197874253510280e-01 -1.391456254975604656e+00
1.801543720436310225e-01 -1.390377021954916748e+00
1.888167609681908610e-01 -1.390236390959987300e+00
1.977655146411864961e-01 -1.392021857648657157e+00
2.063030775463687572e-01 -1.390782186809929044e+00
2.149856593874092114e-01 -1.390478339741511693e+00
2.238311584538331955e-01 -1.391107732237456762e+00
2.323626217123755111e-01 -1.389708142818691261e+00
2.417401453794960353e-01 -1.393182615167005256e+00
2.511690231096900261e-01 -1.396594144958543060e+00
2.597336357371582416e-01 -1.395026710270852455e+00
2.682884695394987529e-01 -1.393406753613069649e+00
2.768332024320362406e-01 -1.391734335975649772e+00
2.853675127103888487e-01 -1.390009520324176018e+00
2.940981754487224098e-01 -1.389210618055504387e+00
3.036822261665693690e-01 -1.392265050057613474e+00
3.124383989203614043e-01 -1.391351229618244867e+00
3.209696882444320609e-01 -1.389407951793998119e+00
3.294888932404805848e-01 -1.387412363542751548e+00
3.384697343178739715e-01 -1.387307522753106426e+00
3.474616760371584956e-01 -1.387144633292606954e+00
3.572111318199759356e-01 -1.389829141686552028e+00
3.659871165455124142e-01 -1.388578193835054542e+00
3.745003828018835246e-01 -1.386306399448824500e+00
3.851332558940624429e-01 -1.391692635508899656e+00
3.939379057028821185e-01 -1.390265470346207843e+00
4.030180309805730943e-01 -1.389742977669856661e+00
4.132441705109010655e-01 -1.392996090682148580e+00
4.217836548727366686e-01 -1.390434249290194879e+00
4.308995888185947476e-01 -1.389730430421533214e+00
4.409287315299003085e-01 -1.391826844510693606e+00
4.500762117778469573e-01 -1.390998001379862181e+00
4.589164391633396289e-01 -1.389159772982794694e+00
4.680705204360199323e-01 -1.388212910795046495e+00
4.795073982054179895e-01 -1.393825163925485278e+00
4.887129264120880778e-01 -1.392743885996330588e+00
4.972494425969389842e-01 -1.389718981758348182e+00
5.057672376202808628e-01 -1.386641755383263064e+00
5.201891363463020390e-01 -1.399447159971671573e+00
5.287661905173921539e-01 -1.396228995147720697e+00
5.380431177939922760e-01 -1.394824224643360200e+00
5.469571001776080132e-01 -1.392427407317364141e+00
5.566044932372630205e-01 -1.391830556501554739e+00
5.651341272979010233e-01 -1.388389094622461073e+00
5.755558998378230706e-01 -1.389514753881602394e+00
5.848476940833330362e-01 -1.387800166131262447e+00
5.949280144327159237e-01 -1.387861891126844771e+00
6.058303379085387963e-01 -1.389685468004182800e+00
6.147510952581241028e-01 -1.386856145876034008e+00
6.273575403594915390e-01 -1.392175048297799478e+00
6.371372537692037152e-01 -1.391026970375533800e+00
6.481924605964197728e-01 -1.392530996079291539e+00
6.601451162389420091e-01 -1.395759476700484392e+00
6.699961991982221754e-01 -1.394386692938999861e+00
6.807324620800823123e-01 -1.394742792474739757e+00
6.897217185917985383e-01 -1.391435542151927551e+00
6.991456341293458276e-01 -1.388963721323161815e+00
7.085652040808108065e-01 -1.386428678030290351e+00
7.244274120423821461e-01 -1.396257061099111407e+00
7.334470457030576318e-01 -1.392670612223731563e+00
7.462210495796147702e-01 -1.396081290628519822e+00
7.571572470232691421e-01 -1.395871445037137004e+00
7.666722553420952657e-01 -1.392951456093362017e+00
7.810553976801553056e-01 -1.398698130278134499e+00
7.915945126480724570e-01 -1.397359637318237757e+00
8.101182526479763224e-01 -1.409817211092518452e+00
8.237888577236590626e-01 -1.413459599559471869e+00
8.380432655577658707e-01 -1.417847783581625443e+00
8.467272403214515242e-01 -1.412678956044745027e+00
8.553793362813369994e-01 -1.407456941940658846e+00
8.639992276908814439e-01 -1.402181937875257356e+00
8.736462468342081067e-01 -1.398550462371171310e+00
8.838160856292819334e-01 -1.395698019964941805e+00
8.956043419974861752e-01 -1.395298117713980712e+00
9.079661295020098333e-01 -1.395644073769427118e+00
9.236685088776975805e-01 -1.400899852270955037e+00
9.322468812158278828e-01 -1.395205957143422770e+00
9.458361447009304701e-01 -1.396911990660032021e+00
9.560868380626231788e-01 -1.393555937696284275e+00
9.726104347026194308e-01 -1.399158650513619762e+00
9.811772019093447650e-01 -1.393164486143994685e+00
9.990000709409275759e-01 -1.400142477278370379e+00
1.009329783961777860e+00 -1.396417759160374361e+00
1.017879042143444490e+00 -1.390198340689541734e+00
1.039495336344966603e+00 -1.401597111283653385e+00
1.052880748365551122e+00 -1.401588813910843667e+00
1.063277461618419073e+00 -1.397489601744384302e+00
1.074273780852485149e+00 -1.394107531793574051e+00
1.090805659262852334e+00 -1.397738180233906391e+00
1.101841682659099986e+00 -1.394156996219694911e+00
1.120373100053773108e+00 -1.399861798578034389e+00
1.133978516441340512e+00 -1.399176086421705989e+00
1.146348739411680251e+00 -1.396829880784395961e+00
1.158732644441621717e+00 -1.394384282506243133e+00
1.178855585535019568e+00 -1.401021199050846322e+00
1.191321012399296109e+00 -1.398328749245079772e+00
1.205103963811809287e+00 -1.397050300446198268e+00
1.217600207308018101e+00 -1.394148684720484033e+00
1.227456515596809794e+00 -1.388149728390939863e+00
1.253959901473105099e+00 -1.400708587668571203e+00
1.263202472954978228e+00 -1.393729051925169271e+00
1.277815250989857931e+00 -1.392583257929087992e+00
1.295183748060287465e+00 -1.394241029331532822e+00
1.312620364828654074e+00 -1.395737729921854076e+00
3.023635564210291449e+00 -3.175823512435234086e+00
3.043065132402739792e+00 -3.157211048892432093e+00
3.062380130906523501e+00 -3.138479718131486962e+00
3.060497041943260665e+00 -3.098287111031935659e+00
3.061065368611162185e+00 -3.061065137507164913e+00
3.054890068799574365e+00 -3.017628861409888064e+00
3.060465139043237581e+00 -2.986256741882854726e+00
3.059290821333345622e+00 -2.948684670566556143e+00
3.057771384514770929e+00 -2.911240146536241191e+00
3.058822000394139540e+00 -2.876666121883829419e+00
3.064692993073536709e+00 -2.846953914664301699e+00
3.082103882398757655e+00 -2.828095718344577847e+00
3.099398732248360044e+00 -2.809131045813578087e+00
3.116576891480985712e+00 -2.790060611080544373e+00
3.136634041843875842e+00 -2.773534603083152916e+00
3.162631389570972118e+00 -2.762130102038957258e+00
3.179519966089199290e+00 -2.742672563783269624e+00
3.196288835471113643e+00 -2.723111765449973021e+00
3.189217440123254921e+00 -2.683489885200626812e+00
3.186395331421202570e+00 -2.647892527082693626e+00
3.201809557536054118e+00 -2.627656979234604950e+00
3.196895963756563042e+00 -2.590961079063045069e+00
3.199461305938915423e+00 -2.560674082785237449e+00
3.192360714688680101e+00 -2.523012519514725938e+00
3.195956442077279469e+00 -2.494148675635846413e+00
3.196150020343365039e+00 -2.462894398076144409e+00
3.208018773076974028e+00 -2.440814957905031779e+00
3.206144732498091621e+00 -2.408472086179766602e+00
3.208010946592852797e+00 -2.379222862900953750e+00
3.215287515147337682e+00 -2.354177214835663001e+00
3.207789643672343871e+00 -2.318587752078812070e+00
3.202419030271732137e+00 -2.284921984359555847e+00
3.213925992087090400e+00 -2.263501860480854777e+00
3.211332042414730026e+00 -2.232323367658772817e+00
3.213424668808313012e+00 -2.204656770942662103e+00
3.223579361951706357e+00 -2.182655314293274085e+00
3.213630152268940332e+00 -2.147278817048901889e+00
3.221735899658308533e+00 -2.124217159943230904e+00
3.218782888590106417e+00 -2.094047768542984134e+00
3.224838778492680635e+00 -2.069936951767158639e+00
3.223116489362696679e+00 -2.041015809000604087e+00
3.223705619632944330e+00 -2.013783498027077901e+00
3.224082153833740971e+00 -1.986620954660645255e+00
3.227665566788951779e+00 -1.961607405765499967e+00
3.229348392917025024e+00 -1.935596741858353731e+00
3.175738127040567349e+00 -1.877074198409067085e+00
3.100798650265112144e+00 -1.807199113179679628e+00
3.101424416227460679e+00 -1.782160176450025446e+00
3.111431138409184172e+00 -1.762603782362922811e+00
3.103852785308021556e+00 -1.733240710859097256e+00
3.111801092790993373e+00 -1.712716638589143470e+00
3.112582273824486379e+00 -1.688345878432114366e+00
3.094661848107492563e+00 -1.654131037009589855e+00
3.104753149489625663e+00 -1.635111409802021409e+00
3.106738746018250286e+00 -1.611885344554305100e+00
3.110337491316770286e+00 -1.589606839223177248e+00
3.112886669024336861e+00 -1.566895291533062728e+00
3.109898885740799646e+00 -1.541547798781927270e+00
3.106717714550174314e+00 -1.516296198236616544e+00
3.112357701237323582e+00 -1.495472839521371888e+00
3.108819150334844572e+00 -1.470361772742662554e+00
3.103277253330899654e+00 -1.444506820649242185e+00
3.111172843613741801e+00 -1.425021777805589807e+00
3.105270719766931364e+00 -1.399331650587755327e+00
3.111970114724945891e+00 -1.379441301295233346e+00
3.113958900124925488e+00 -1.357523286619905178e+00
3.112119490922546916e+00 -1.334056864907827045e+00
3.100894814560998469e+00 -1.306780935432941160e+00
3.108854698393838323e+00 -1.287729602228992132e+00
3.105582934740592105e+00 -1.264105666711252018e+00
3.113280879787355016e+00 -1.245026371091777717e+00
3.120861611562103732e+00 -1.225900200930514661e+00
3.133922840704087331e+00 -1.208887261361690335e+00
3.163725777146798812e+00 -1.198135013318770037e+00
3.175704641756299740e+00 -1.180442334835826168e+00
3.211071668556231717e+00 -1.171214165747572755e+00
3.231379215937917326e+00 -1.156205788789684830e+00
3.256341058096396512e+00 -1.142647689455011939e+00
3.263290913005031602e+00 -1.122645645767187395e+00
3.270117906848373668e+00 -1.102601335102969093e+00
3.272074259331709367e+00 -1.080947142547722395e+00
3.271984987557354341e+00 -1.058694712101136970e+00
3.268886370707758005e+00 -1.035578203328958447e+00
3.259896961237161772e+00 -1.010762846177178931e+00
3.263166677869703935e+00 -9.898706065977018742e-01
3.267261485124797193e+00 -9.692607161224224832e-01
3.273147251961828541e+00 -9.491949299131227091e-01
3.273137017765190837e+00 -9.274576677765908883e-01
3.271056065935569190e+00 -9.052229427187707955e-01
3.273652629318193341e+00 -8.843526912176691290e-01
3.277083246640114744e+00 -8.637395330158273987e-01
3.278447324207524716e+00 -8.426197706158869982e-01
3.274825483768815992e+00 -8.203008969143356088e-01
3.273968043735108857e+00 -7.987693517339847782e-01
3.275888960608823286e+00 -7.779725003763836577e-01
3.280600842576836040e+00 -7.578573779180308723e-01
3.279334957977856124e+00 -7.363991062343143712e-01
3.274021413294711635e+00 -7.141325214976373958e-01
3.273449916792622094e+00 -6.929944795443202521e-01
3.277640429326899696e+00 -6.728959224652106830e-01
3.278765164094083584e+00 -6.521867563336288809e-01
3.280741399666194713e+00 -6.316782438886539008e-01
3.277673837100960164e+00 -6.102548281165171007e-01
3.274466913817236868e+00 -5.888928451338512060e-01
3.272107179222557338e+00 -5.677642701402653147e-01
3.275529318892616004e+00 -5.476763093676620953e-01
3.276853441601176087e+00 -5.272499978657829711e-01
3.274097314089889910e+00 -5.062168880486117573e-01
3.281098423780155926e+00 -4.867047887716395849e-01
3.280062840665380453e+00 -4.660005591867950603e-01
3.278896860621235199e+00 -4.453273833831414286e-01
3.278592463753103647e+00 -4.248145698857184738e-01
3.279152306603531741e+00 -4.044446744627000490e-01
3.281572203423141154e+00 -3.843165600453510855e-01
3.281880881019961560e+00 -3.639535480013507129e-01
3.282063055481367009e+00 -3.436012007135473278e-01
3.284109568959980852e+00 -3.234563716376069320e-01
3.283045114411465182e+00 -3.030236359840040583e-01
3.284842630139643838e+00 -2.828735449688134507e-01
3.219729600492702293e+00 -2.573740914035975713e-01
3.221248207769977334e+00 -2.376133564289491795e-01
3.222645536866137306e+00 -2.178436754452329760e-01
3.231906377301133837e+00 -1.985563518820822881e-01
3.286981677027170701e+00 -1.817025565840235946e-01
3.289033429548361642e+00 -1.615796591689730721e-01
3.289962948597988213e+00 -1.413954871848767947e-01
3.290768602395201192e+00 -1.212059917403087855e-01
3.290450903633425739e+00 -1.009812604372327116e-01
3.290008706495118229e+00 -8.076498650124544487e-02
3.288442821430354712e+00 -6.053954097015217667e-02
3.288752381070556119e+00 -4.036089494121857663e-02
3.288938121035529516e+00 -2.018072934731793971e-02
3.288000106811517664e+00 1.959800783879471815e-07
3.287938209932743217e+00 2.017498591959980200e-02
3.287752524031826162e+00 4.034901628226201381e-02
3.284443543380386910e+00 6.046630677095465867e-02
3.288009444147562021e+00 8.071629968072892292e-02
3.287452282377596902e+00 1.008896274551425581e-01
3.285772099928165435e+00 1.210223521761289861e-01
3.284967666979918821e+00 1.411811931140200260e-01
3.291031094540474378e+00 1.616781913086342004e-01
3.295967998407855593e+00 1.821997096454842924e-01
3.294787996305673428e+00 2.024199597955524121e-01
3.293483947290747338e+00 2.226325889481183540e-01
3.292055900459789797e+00 2.428368361090763039e-01
3.291500657623539272e+00 2.631116173241694334e-01
3.291816754261464695e+00 2.834745155530162819e-01
3.291011352406810087e+00 3.037593119471568848e-01
3.289085567893617057e+00 3.239468603629817589e-01
3.293003380279845071e+00 3.447469469072888537e-01
3.291819897785597249e+00 3.650561608767757260e-01
3.289517987646910058e+00 3.852475165379937727e-01
3.291062096004756299e+00 4.059140044941704217e-01
3.296443076930486438e+00 4.271279133863206123e-01
3.295742112501428789e+00 4.476156419795226937e-01
3.294913761994890944e+00 4.681108394898918501e-01
3.292968566782807915e+00 4.884659586727865266e-01
3.300780158800586062e+00 5.103427964803520789e-01
3.299561313014813813e+00 5.309041275511354741e-01
3.300186814678354175e+00 5.517995058458005087e-01
3.297724117598399562e+00 5.722096341154835342e-01
3.301040701647584452e+00 5.936723845706270986e-01
3.302251260608115579e+00 6.148311914513242549e-01
3.302344368141245656e+00 6.358381159834791685e-01
3.298380772994525589e+00 6.560889511885247272e-01
3.290374767105069154e+00 6.755106765755847231e-01
3.261710177040524350e+00 6.905095644854775117e-01
3.238848302486180053e+00 7.064609351224143685e-01
3.234452569151125445e+00 7.263208363273974122e-01
3.229935060498184907e+00 7.461533919618889010e-01
3.258375826523881358e+00 7.738138146994790745e-01
3.286597510010980105e+00 8.018510524487130198e-01
3.289375956297415637e+00 8.239460164587938396e-01
3.290069569973339103e+00 8.456073143711518858e-01
3.287720035906220417e+00 8.665434865021749422e-01
3.289098865985771170e+00 8.885257968444247867e-01
3.287440112235370471e+00 9.097574399527729172e-01
3.290455213266904266e+00 9.323652778472829583e-01
3.289474418850216964e+00 9.539301447677258627e-01
3.291229047400515473e+00 9.763713227847630183e-01
3.297616424022267623e+00 1.000321250190074451e+00
3.291416491347477269e+00 1.020536213982190965e+00
3.288905813680559120e+00 1.041920763664809346e+00
3.287207852200320080e+00 1.063620707414726585e+00
3.297711343680630236e+00 1.089416925800047675e+00
3.295702538781480229e+00 1.111228265675483273e+00
3.289767893678738009e+00 1.131754762633890410e+00
3.288423023092943875e+00 1.153905667725996009e+00
3.289754842825279635e+00 1.177093361156824614e+00
3.283409795938826203e+00 1.197599395453651461e+00
3.286310530189873624e+00 1.221556135999644077e+00
3.288105164501888389e+00 1.245239195973244950e+00
3.285067470766448228e+00 1.267190620150647984e+00
3.291191896279650031e+00 1.292807795569221208e+00
3.289696934836083386e+00 1.315577042704389354e+00
3.292677378329764704e+00 1.340261600165855160e+00
3.287163361698353992e+00 1.361587917782710377e+00
3.293490969502021137e+00 1.387945383838108393e+00
3.295942140470569992e+00 1.412855675728840854e+00
3.289961031921627921e+00 1.434251481644881476e+00
3.288412281091412037e+00 1.457653193512695955e+00
3.283053379980277242e+00 1.479446522338303538e+00
3.284823738943871252e+00 1.504560200736667408e+00
3.287315849105874488e+00 1.530173187125504430e+00
3.279673062891547364e+00 1.551170123739016082e+00
3.294429896082862630e+00 1.582958132944356722e+00
3.292743157060052717e+00 1.607090150931524741e+00
3.287299972044083418e+00 1.629484346651153048e+00
3.286171995447951133e+00 1.654120275721066458e+00
3.267056164285902398e+00 1.669701878055976696e+00
3.252311476579525351e+00 1.687414089930513894e+00
3.221546140064240671e+00 1.696620671675171277e+00
3.203137879762096407e+00 1.712113168442289668e+00
3.192572252393170551e+00 1.731735023486420388e+00
3.181886426476701057e+00 1.751291679682068780e+00
3.176319410619230066e+00 1.773707722537938292e+00
3.181037818280862961e+00 1.802035976194892530e+00
3.176857338033940881e+00 1.825506424356490021e+00
3.176828093961840516e+00 1.851510896012817931e+00
3.172294480006141004e+00 1.875039282363915927e+00
3.182173033476539459e+00 1.907321438055279206e+00
3.179810092663974075e+00 1.932523854476082548e+00
3.182365493365229003e+00 1.960916428414887891e+00
3.177058706178498948e+00 1.984644644091610344e+00
3.178339031791920455e+00 2.012661330285652639e+00
3.174345283691354158e+00 2.037527074931508420e+00
3.181900828873984288e+00 2.070053898856799357e+00
3.173313727901094783e+00 2.092291060845421491e+00
3.176213702203587452e+00 2.122278494427430218e+00
3.178036768761783204e+00 2.151819404658118273e+00
3.182089926052354745e+00 2.183159282384255828e+00
3.178487708770740827e+00 2.209492539904591268e+00
3.178769591224436475e+00 2.238742498568356609e+00
3.172299463472362469e+00 2.263432281695677339e+00
3.176181510478061742e+00 2.295741995490079734e+00
3.173331319527421979e+00 2.323458204197734300e+00
3.187127249963108699e+00 2.363735048158773555e+00
3.174962275632293718e+00 2.385048259449704222e+00
3.180164123787367902e+00 2.419622399745680053e+00
3.177139414782421678e+00 2.448245778858322730e+00
3.184919343553861193e+00 2.485535851044781364e+00
3.179807670757282878e+00 2.513092111431571407e+00
3.190092089005587273e+00 2.553176097158325053e+00
3.459484170729347330e+00 2.803779392890883848e+00
3.469270625666280861e+00 2.847157279216095294e+00
3.464810396939461246e+00 2.879255970623816996e+00
3.455494984032348782e+00 2.907543388290646291e+00
3.469560305594032723e+00 2.955928971688290385e+00
3.471802352296477157e+00 2.994797785560218362e+00
3.468424982891590069e+00 3.029200111204322976e+00
3.466253744424006022e+00 3.064997983330601805e+00
3.466753536662725121e+00 3.103550834133407932e+00
3.468392138421277249e+00 3.143567901706988188e+00
3.468195171250180842e+00 3.182368484516915785e+00
3.479374929291816798e+00 3.232174467726559364e+00
3.481330916322430191e+00 3.274014995621273627e+00
3.470591621978984964e+00 3.304278444466582254e+00
3.476171886660053723e+00 3.350494542215998184e+00
3.479882988899557716e+00 3.395505598918242551e+00
3.478903062858357487e+00 3.436470889366573189e+00
3.476843630394237383e+00 3.476844196844010693e+00
3.491987940124677170e+00 3.535106768012420630e+00
3.492579279877458198e+00 3.579370091068151183e+00
3.470550930449276983e+00 3.600732774619664234e+00
3.448391916732855833e+00 3.621959892609810439e+00
3.398014720870590200e+00 3.613183684116368699e+00
3.366252303698824999e+00 3.623708378022710175e+00
3.315558188136424445e+00 3.613348584476657077e+00
3.279222007678587403e+00 3.618064540398557405e+00
3.253625174322317015e+00 3.634391985421150384e+00
3.231263715131571956e+00 3.654287438332065374e+00
3.208780600681499173e+00 3.674045309378681790e+00
3.209691061967932413e+00 3.720924565768670256e+00
3.207551976728750365e+00 3.764907342510983135e+00
3.215294377760861355e+00 3.821245562015903818e+00
3.216073922827462184e+00 3.870128315128337881e+00
3.210029652255225407e+00 3.911433120043234624e+00
3.221229005469071538e+00 3.974561798462310946e+00
3.219900526029710441e+00 4.023139115717596859e+00
3.229257726298760733e+00 4.085971175175658665e+00
3.223197856280662243e+00 4.130147084606242913e+00
3.242963615239517150e+00 4.208462681144536255e+00
3.241300340927198320e+00 4.260115357127276070e+00
3.257743285573303726e+00 4.336690255012373818e+00
3.250134941744539763e+00 4.382300450338629361e+00
3.544557826942198141e-03 4.841085667214697734e-03
3.514786757581796119e-03 4.862743533703624797e-03
3.484883358479171512e-03 4.884218320636753326e-03
1.412457360125636496e+00 2.005535724612057091e+00
1.381289276886996653e+00 1.987068268283628703e+00
1.365676438306422824e+00 1.990558723477132030e+00
1.346148284804520978e+00 1.988136289399422552e+00
1.331146054280373248e+00 1.992201230662479672e+00
1.313392504788617687e+00 1.991982865635338884e+00
1.297327945352834577e+00 1.994136644560032590e+00
1.278045496382684831e+00 1.991119135393964124e+00
1.265269201088927709e+00 1.998078800719476522e+00
1.250866214453243641e+00 2.002412295644286910e+00
1.231211748478179713e+00 1.998130647447897257e+00
1.211657320646712721e+00 1.993683846358860423e+00
1.194774540715159761e+00 1.993361293696351844e+00
1.179976926869870102e+00 1.996350540008839713e+00
1.166698213487778357e+00 2.001825135236934283e+00
1.146919934933911200e+00 1.995940598716702707e+00
1.131694073496249731e+00 1.997719835595210380e+00
1.114051979941722337e+00 1.995022199935174267e+00
1.100825369342327109e+00 2.000068116684157626e+00
1.083764472051830463e+00 1.997994889330056312e+00
1.070070404115541773e+00 2.001961349187934225e+00
1.054504635395406176e+00 2.002295938597879132e+00
1.036672425165144018e+00 1.998076814489535558e+00
1.021207370243795598e+00 1.998166989677233829e+00
1.005330780119831902e+00 1.997249682812059612e+00
9.912804956583114446e-01 1.999796860002855059e+00
9.732892968247435217e-01 1.994158818479989437e+00
9.601688181540797284e-01 1.998290488010522781e+00
9.478894629752847578e-01 2.004144356030563401e+00
9.355744202919719088e-01 2.009922769144147026e+00
9.232241537585633706e-01 2.015625509797273729e+00
9.096065904729925267e-01 2.018517225947779714e+00
8.955831341282438629e-01 2.020403677108773444e+00
8.823700251953059404e-01 2.024027394669880131e+00
8.589024892038523706e-01 2.003668337100936281e+00
8.462036330691681263e-01 2.007979078363326231e+00
8.285094316774275214e-01 2.000199229188221572e+00
8.162208431334964098e-01 2.005245214445867674e+00
8.016736061062444962e-01 2.004644627699258219e+00
7.886270734619573730e-01 2.007664468671272129e+00
7.748538685777874857e-01 2.008733676559858239e+00
7.625139236986510083e-01 2.013450276803809391e+00
7.477062680142592122e-01 2.011529503593686208e+00
7.339790544373058223e-01 2.012321688014768739e+00
7.216178633900173223e-01 2.016787417563813634e+00
7.049251192245820086e-01 2.008910490043289254e+00
6.919348325774028474e-01 2.011306934568984239e+00
6.789416256673580508e-01 2.013619444914099166e+00
6.656324562638241682e-01 2.014898842156976677e+00
6.526410108293222434e-01 2.017042197316209151e+00
6.399504024766301535e-01 2.020055520161870177e+00
6.266550689828179754e-01 2.021078711516565818e+00
6.133713063426625700e-01 2.022014907436507691e+00
5.969712223412436680e-01 2.012318628749385496e+00
5.846126291991192714e-01 2.015943694078854875e+00
5.716867577146191870e-01 2.017568527482803908e+00
5.592964277714781440e-01 2.021038351421725832e+00
5.453203277159875961e-01 2.018639907262827826e+00
5.313947161561447530e-01 2.016146030106501730e+00
5.190138729793992711e-01 2.019368653497374932e+00
5.063705267473016525e-01 2.021545287826063131e+00
4.939570254203959898e-01 2.024614264033505862e+00
4.796764314867669188e-01 2.019823363100118119e+00
4.665987420274778086e-01 2.019805541172109642e+00
4.531011857152098532e-01 2.017752125248299500e+00
4.398594808434834191e-01 2.016586023040080722e+00
4.274776610458086434e-01 2.019246988487370054e+00
4.148786569916604883e-01 2.020852431635746349e+00
4.022760531731722766e-01 2.022379323098321802e+00
3.898593938510571122e-01 2.024809571905046290e+00
3.768789333277069442e-01 2.024214250628985301e+00
3.644514931952412828e-01 2.026488631091586612e+00
3.518393822687881367e-01 2.027701509151306425e+00
3.400506596819743987e-01 2.033767365826796070e+00
3.269298720149517723e-01 2.031866437518484059e+00
3.144564192221276366e-01 2.033834192243744621e+00
3.018243725975407465e-01 2.034736033589119586e+00
2.891931369515697292e-01 2.035559703376704555e+00
2.764285592906214339e-01 2.035313942409950450e+00
2.636779262809585411e-01 2.034988486222560233e+00
2.511865076569537170e-01 2.036568075522474874e+00
2.386856320023804934e-01 2.038070989181151482e+00
2.260655558493212813e-01 2.038503335671316918e+00
2.134491397443608607e-01 2.038857344013837558e+00
2.008369178613002015e-01 2.039133549828471725e+00
1.882293463740447870e-01 2.039331780657847926e+00
1.757126980939200667e-01 2.040448344400334069e+00
1.631894343296571848e-01 2.041488086411643810e+00
1.505128907745300892e-01 2.040456293410970456e+00
1.377877197452331004e-01 2.038348222003926846e+00
1.252780560171417312e-01 2.039155300250504954e+00
1.126532801967925768e-01 2.037888560958297735e+00
1.002450497755409259e-01 2.040539110101705411e+00
8.772264974062023157e-02 2.041115789606666731e+00
7.523375145030071487e-02 2.042614872209733257e+00
6.303651211481128835e-02 2.054033026149410190e+00
5.082467421597443302e-02 2.070376357888398022e+00
3.824897241805755299e-02 2.077648021556789182e+00
2.557367256220120094e-02 2.083843191884116042e+00
1.280537534725113662e-02 2.086960607326100892e+00
-2.158271952702633420e-07 2.088999986648548468e+00
-1.281807912997817191e-02 2.088960660487674037e+00
-2.566000427007934098e-02 2.090842628988420326e+00
-3.848869077573113112e-02 2.090645822633934170e+00
-5.131592820384846265e-02 2.090370304641483212e+00
-6.426393166564578485e-02 2.094014151567208160e+00
-7.711135156048057326e-02 2.093580416257607713e+00
-8.995586825635104589e-02 2.093067858824244620e+00
-1.029932667530570473e-01 2.096471628932511599e+00
-1.156342578234266227e-01 2.091806357743108080e+00
-1.285284803143638688e-01 2.092055507353749899e+00
-1.413626724318672867e-01 2.091227489046564081e+00
-1.541915423243559735e-01 2.090320737202000068e+00
-1.670146069921024656e-01 2.089335285958754174e+00
-1.801745689061565459e-01 2.092256371522447367e+00
-1.931928479936680099e-01 2.093103082857029840e+00
-2.060322506252846575e-01 2.091878271717497739e+00
-2.187597820658353232e-01 2.089580210064604149e+00
-2.316873017896318165e-01 2.089192424400142745e+00
-2.448509430748432025e-01 2.090711145991893893e+00
-2.576746966082634760e-01 2.089169411758466488e+00
-2.711312239875929286e-01 2.092507447222920369e+00
-2.845038531138701088e-01 2.094768222101667021e+00
-2.973517539441384860e-01 2.092983105806151212e+00
-3.101884596483116541e-01 2.091119189875274564e+00
-3.236246682291497589e-01 2.093129523795896230e+00
-3.370972025749655598e-01 2.095053552292510890e+00
-3.504406072442574627e-01 2.095904668823053818e+00
-3.634651895439493519e-01 2.094700157017233444e+00
-3.777272448957717521e-01 2.100304358206701583e+00
-3.907903866433853901e-01 2.098930163913325764e+00
-4.038508789224066753e-01 2.097474700019356764e+00
-4.167131397152872285e-01 2.094957233171197863e+00
-4.309674385468503233e-01 2.099217850675222596e+00
-4.438398846497789152e-01 2.096533966926175552e+00
-4.584005327043484401e-01 2.101587507119638154e+00
-4.717252254971593395e-01 2.100686747857781977e+00
-4.848309850344083571e-01 2.098727020109642627e+00
-5.007031649321541655e-01 2.108360875266363621e+00
-5.141044118925349737e-01 2.107191795919620247e+00
-5.270242201749276711e-01 2.103997643170575138e+00
-5.404220649821861455e-01 2.102661410746819559e+00
-5.540781825671854399e-01 2.102206810809540638e+00
-5.693138154978739651e-01 2.107456087928650135e+00
-5.827675932103969503e-01 2.105850584027831651e+00
-5.956778794060466620e-01 2.102235147154787764e+00
-6.102368691290617209e-01 2.104303185544218913e+00
-6.231371435644603718e-01 2.100519229487393336e+00
-6.380459418662609572e-01 2.103354742984427705e+00
-6.527167916658781488e-01 2.105131058405204758e+00
-6.665273706654043506e-01 2.103946372872938841e+00
-6.800401243514203609e-01 2.101719990393287496e+00
-6.929232345722793340e-01 2.097507778230284892e+00
nan nan
-2.277172860331365227e-03 6.619251225713225495e-03
nan nan
-7.576655437192651998e-01 2.117532585315336391e+00
-7.706442169246056073e-01 2.112843774852349199e+00
-7.835938758091339773e-01 2.108075417010995434e+00
-7.965140328254851632e-01 2.103227691317262948e+00
-8.119234565513003821e-01 2.104831701118368592e+00
-8.292104779626298106e-01 2.110979268677153353e+00
-8.425189728745019480e-01 2.106780250216392147e+00
-8.565611041057660247e-01 2.104349641325274689e+00
-8.725184554922279512e-01 2.106445208013446369e+00
-8.862036623527994594e-01 2.102894996143939821e+00
-9.046059672909709803e-01 2.110285303331911333e+00
nan nan
nan nan
nan nan
nan nan
nan nan
-2.992886477963003968e-03 6.327924901179057121e-03
nan nan
nan nan
nan nan
nan nan
nan nan
nan nan
nan nan
nan nan
nan nan
nan nan
nan nan
nan nan
