-4.612849694920428334e+01 -1.739794675325377682e+01
-4.612860490909890387e+01 -1.739935311158347631e+01
-4.611440424753745049e+01 -1.738407817133478517e+01
-4.610906902091211634e+01 -1.736353178898506044e+01
-4.611990250414902448e+01 -1.738158299564737064e+01
-4.612835664861439255e+01 -1.742907600055753292e+01
-4.611633272275481232e+01 -1.737216830706131532e+01
-4.611082111556248009e+01 -1.736928663341655366e+01
-4.609904090177306557e+01 -1.729572075969213074e+01
-4.610547838662393616e+01 -1.728613514128021222e+01
-4.611077642817481603e+01 -1.736063022607900663e+01
-4.610732633696592586e+01 -1.736160774546184626e+01
-4.611253213529347050e+01 -1.738870003478415072e+01
-4.611712273997859057e+01 -1.737245718624020441e+01
-4.611273044213947259e+01 -1.736976542924245948e+01
-4.610724653341577550e+01 -1.736311370273621080e+01
-4.610118414677582166e+01 -1.739024690791357486e+01
-4.609433783180267596e+01 -1.736996586035027335e+01
-4.611938569032512447e+01 -1.736707033998418837e+01
-4.613289637950018829e+01 -1.736989253353417695e+01
-4.611024543274596965e+01 -1.737178862967338233e+01
-4.613465659560013421e+01 -1.742295844552759476e+01
-4.612342297180260431e+01 -1.742816800649542586e+01
-4.612610358788192144e+01 -1.741558122534692643e+01
-4.613381105821097350e+01 -1.753612617497194393e+01
-4.615496362630432969e+01 -1.754890928926513993e+01
-4.615743809071664572e+01 -1.751453321393857365e+01
-4.612447728476094966e+01 -1.748250484195376231e+01
-4.610231959364394783e+01 -1.742802562062697902e+01
-4.611123209550981983e+01 -1.737178333472413883e+01
-4.612247470934897819e+01 -1.738807770409307096e+01
-4.619070491139918033e+01 -1.734969861479068243e+01
-4.611248509610388169e+01 -1.734014206913924738e+01
-4.606432843239736741e+01 -1.734584962475633318e+01
-4.610183552377730365e+01 -1.731596656002618673e+01
-4.610501780729747878e+01 -1.722076748676148483e+01
-4.609598599079452441e+01 -1.724272756415102492e+01
-4.608879134824905321e+01 -1.721598667815852579e+01
-4.611434763837682738e+01 -1.723618752725700531e+01
-4.609604063587954670e+01 -1.728066175317256992e+01
-4.609865464143329916e+01 -1.724415799732082988e+01
-4.609056412600411079e+01 -1.719153380777571272e+01
-4.610438976251251830e+01 -1.733253555051244632e+01
-4.611327571133152503e+01 -1.738279094837837846e+01
-4.611951518554112539e+01 -1.740981475635144449e+01
-4.612622677490675471e+01 -1.744240324578230528e+01
-4.612922372341246557e+01 -1.744975581705267231e+01
-4.609859519998906308e+01 -1.743838289117105944e+01
-4.613082111642285810e+01 -1.741265373197146715e+01
-4.615938739585471495e+01 -1.744223195256439851e+01
-4.610307273720167842e+01 -1.732447865035399914e+01
-4.610913713384810819e+01 -1.734109464140478352e+01
-4.609909428506023943e+01 -1.732682446001812337e+01
-4.611203824438045018e+01 -1.737753616389907307e+01
-4.613021758979177633e+01 -1.747225721750702121e+01
-4.614413952416332165e+01 -1.751159617629517129e+01
-4.342215419244214303e+01 -7.357249582780766239e+00
-4.378452358202871153e+01 -7.298136063215691749e+00
-4.389834042373583145e+01 -7.407126917537985911e+00
-4.391647781375950643e+01 -7.392305626498449911e+00
-4.391162735307779030e+01 -7.404977171818666548e+00
-4.388144166822490178e+01 -7.398378384905070604e+00
-4.392390751032554874e+01 -7.397454417642054025e+00
-4.391137870663779097e+01 -7.398394170526695568e+00
-4.388178367307242667e+01 -7.402141985156731607e+00
-4.384749733798410176e+01 -7.400727917782773169e+00
-4.389121999734217638e+01 -7.391071637565409524e+00
-4.391144828443362513e+01 -7.419958544849949433e+00
-4.389885991106660867e+01 -7.403498713221719818e+00
-4.388324321515829496e+01 -7.395254356801901352e+00
-4.390971635331734291e+01 -7.394148957427042035e+00
-4.387238748906014507e+01 -7.395051574686894114e+00
-4.391793578670019826e+01 -7.309558506222325391e+00
-4.386554723855634563e+01 -7.218891334390244552e+00
-4.393307569634401943e+01 -7.148725739830121384e+00
-4.390563505557239665e+01 -7.040248477171891395e+00
-4.396728645127822688e+01 -6.958770485445298526e+00
-4.400760722001239600e+01 -6.892932189403443211e+00
-4.403910580088717808e+01 -6.856228274344271512e+00
-4.407033058223321120e+01 -6.779763639134533726e+00
-4.415741803174088886e+01 -6.720280153220087982e+00
-4.419486113403561944e+01 -6.704765625666547990e+00
-4.430522735177986959e+01 -6.661617418866000229e+00
-4.434844069590825910e+01 -6.635093416770703634e+00
-4.441950324515600101e+01 -6.601915183633773054e+00
-4.445673927053859842e+01 -6.576775863427586799e+00
-4.457413020421678596e+01 -6.558360572760272511e+00
-4.462815746211960288e+01 -6.542762180797516258e+00
-4.469800485259904121e+01 -6.533539068342907541e+00
-4.480469874637162775e+01 -6.514724884124719395e+00
-4.482040441629115435e+01 -6.544283703190118651e+00
-4.491109093796060847e+01 -6.545532631100620335e+00
-4.494985397134261262e+01 -6.581937198840625669e+00
-4.510323715124826549e+01 -6.612459926462907589e+00
-4.515216066754395285e+01 -6.632936824635828899e+00
-4.521612432450007901e+01 -6.661682534788821997e+00
-4.529231130227784519e+01 -6.726728098583443227e+00
-4.542312289473903775e+01 -6.767956841962337045e+00
-4.541726882249248121e+01 -6.817729529837932567e+00
-4.537899751007911675e+01 -6.863749229156955067e+00
-4.550379951993012639e+01 -6.925180836796355877e+00
-4.553295975063081613e+01 -7.002036380844236518e+00
-4.553565550690373698e+01 -7.126933296791951200e+00
-4.564279535970948842e+01 -7.167974053930808331e+00
-4.564797183443847217e+01 -7.268070500987946936e+00
-4.570626433958898360e+01 -7.347217802868211578e+00
-4.566091130567472334e+01 -7.388710474333612943e+00
-4.566975247130236681e+01 -7.453825264089846137e+00
-4.565314195200481606e+01 -7.501423590657691598e+00
-4.566795283815477546e+01 -7.623337893439551038e+00
-4.557641051793600440e+01 -7.692967251110379934e+00
-4.557279225400244371e+01 -7.764661663465012964e+00
-4.553278840166377961e+01 -7.805952780571768557e+00
-4.550609434205821202e+01 -7.853030706703435726e+00
-4.540586590963228275e+01 -7.974054646501431698e+00
-4.541848432550765580e+01 -8.014516099211075328e+00
-4.534171182099650110e+01 -8.072758850142491838e+00
-4.531198401082413341e+01 -8.159949784927372107e+00
-4.525912469769947677e+01 -8.163645988257757224e+00
-4.515845404522022477e+01 -8.239228140588659599e+00
-4.509353329104505548e+01 -8.245109510885294313e+00
-4.510312215401874880e+01 -8.247149791244282824e+00
-4.494261722406874782e+01 -8.231164059697933411e+00
-4.491721622811753889e+01 -8.285770842190419927e+00
-4.481277861364095827e+01 -8.275863402837222438e+00
-4.477812709888834775e+01 -8.291942515423102122e+00
-4.466241108435463047e+01 -8.323342581483370139e+00
-4.455498598817915479e+01 -8.307161311561070960e+00
-4.446550361963534215e+01 -8.317645148942185429e+00
-4.440864328069565659e+01 -8.256588028748987895e+00
-4.434819826072083515e+01 -8.239279619137152011e+00
-4.431318404081087436e+01 -8.216009743772575646e+00
-4.422779605068893716e+01 -8.152295526694819827e+00
-4.415199484363118643e+01 -8.124976405268766300e+00
-4.413044726078744162e+01 -8.053453139956376461e+00
-4.402297899817615701e+01 -8.002627224947850948e+00
-4.403515806714091241e+01 -7.937170481222986851e+00
-4.395337611733383909e+01 -7.835918006587041518e+00
-4.395305997237636575e+01 -7.817257477463019022e+00
-4.390996677810123572e+01 -7.719344174222851684e+00
-4.386051574641852113e+01 -7.663646909746253399e+00
-4.389366713167547118e+01 -7.589672790212456555e+00
-4.385634416121519052e+01 -7.529652574855203007e+00
-4.388039378755134123e+01 -7.435792640357042238e+00
-4.387377240937739487e+01 -7.358603361860716952e+00
-4.387687166565853403e+01 -7.270073037866935373e+00
-4.388999455798729343e+01 -7.169798140967829525e+00
-4.389399380486111824e+01 -7.095756765790667053e+00
-4.394391058818963813e+01 -7.037942469135716195e+00
-4.395915431548886687e+01 -6.981023862311598549e+00
-4.401185335387955178e+01 -6.881716163753581306e+00
-4.404162897724948778e+01 -6.829884630297471837e+00
-4.410230185746986109e+01 -6.785467721265872498e+00
-4.416795477362688160e+01 -6.728853469313254010e+00
-4.422430838887217419e+01 -6.689634099855154226e+00
-4.424506799544297309e+01 -6.668005224384107699e+00
-4.435208421093905429e+01 -6.602604339683327161e+00
-4.441865778200744330e+01 -6.577231413764931034e+00
-4.448200711851085032e+01 -6.564917576996569082e+00
-4.460659314221293670e+01 -6.541344382904811461e+00
-4.462413360676594465e+01 -6.531246517715430855e+00
-4.469984338300885440e+01 -6.508570199506265475e+00
-4.477365260445620265e+01 -6.517761790720853377e+00
-4.485467931298807542e+01 -6.519255988427720361e+00
-4.486685886152152847e+01 -6.533245702750967610e+00
-4.504972869995889084e+01 -6.504868925921762468e+00
-4.504056566843122056e+01 -6.562832096073655919e+00
-4.508294573141931494e+01 -6.598304427951177331e+00
-4.521007209278670302e+01 -6.631434985557359774e+00
-4.525581275016166671e+01 -6.661160824813118886e+00
-4.542332769604504961e+01 -6.710883935194495109e+00
-4.537900801713580279e+01 -6.782333637503832335e+00
-4.544413732920105531e+01 -6.811859180872014363e+00
-4.558975570210542116e+01 -6.907795616056434440e+00
-4.555927195842291155e+01 -6.959263522556109471e+00
-4.552381960499816671e+01 -7.041944439098451802e+00
-4.558527013848284781e+01 -7.120633509575297282e+00
-4.568390653792624789e+01 -7.237062089204974846e+00
-4.565277003916859400e+01 -7.265990495033625152e+00
-4.568132569876377858e+01 -7.310842794275073331e+00
-4.567065849275650180e+01 -7.414938562993165228e+00
-4.569713563470351403e+01 -7.503944092284948297e+00
-4.564826721987618896e+01 -7.551834220875018211e+00
-4.564480160612013293e+01 -7.588951871343224909e+00
-4.564492419534098389e+01 -7.698707393346200689e+00
-4.554919142763774431e+01 -7.764509114451518812e+00
-4.556061885935378797e+01 -7.859892419900597282e+00
-4.546410816420412004e+01 -7.920972200729496926e+00
-4.542795404508637347e+01 -7.975331158628174322e+00
-4.536450950935989113e+01 -8.046255859759622098e+00
-4.530710683841991226e+01 -8.061005956884610413e+00
-4.522652189667437739e+01 -8.139449595109217839e+00
-4.518919271315063213e+01 -8.179149463800239772e+00
-4.512776742573701938e+01 -8.193621582048495000e+00
-4.505118175484138021e+01 -8.198636874730002688e+00
-4.497162605347921271e+01 -8.246435929288423949e+00
-4.491991549470028389e+01 -8.279249841798167253e+00
-4.480894132972191812e+01 -8.252237787882377162e+00
-4.470762122789513171e+01 -8.270264832911363939e+00
-4.467936380388459128e+01 -8.230283803934748121e+00
-4.464795654095531319e+01 -8.221311307021140991e+00
-4.451364019793834359e+01 -8.255378018429782472e+00
-4.441460390196567687e+01 -8.233513290131964979e+00
-4.432157245923639266e+01 -8.243027988210242185e+00
-4.425355793029647344e+01 -8.190411827514727960e+00
-4.418267977274469160e+01 -8.159619109445008789e+00
-4.418096266475860290e+01 -8.088373151285363605e+00
-4.412510151149660942e+01 -8.036664657993545902e+00
-4.409974681305128996e+01 -7.971726735904028693e+00
-4.400812353153651912e+01 -7.902298891828303695e+00
-4.398440789384113003e+01 -7.844882573914503610e+00
-4.395047964926473583e+01 -7.782275118789280022e+00
-4.390897410335602302e+01 -7.716120851634418187e+00
-4.390602242330312066e+01 -7.643876921522176460e+00
-4.388304965616162434e+01 -7.589689773010332097e+00
-4.386319507853486499e+01 -7.510537299014361956e+00
-4.385235827263488773e+01 -7.414224037849860949e+00
-4.387647983866409618e+01 -7.349514627099279274e+00
-4.387575101690094215e+01 -7.249797492035357394e+00
-4.388123338404788853e+01 -7.150960859067663655e+00
-4.389817727628388155e+01 -7.096343802651898791e+00
-4.394977910291690648e+01 -7.018553044918360406e+00
-4.397710701657405252e+01 -6.949077196321505667e+00
-4.398611874407265532e+01 -6.871379989923600107e+00
-4.403455891424368218e+01 -6.791067899043449430e+00
-4.408405561658675964e+01 -6.762955546787044803e+00
-4.414609656954294081e+01 -6.716313434056909060e+00
-4.423484954713950401e+01 -6.675448895014565842e+00
-4.428322024141264990e+01 -6.621436433300160296e+00
-4.434517531973260418e+01 -6.611415407775676378e+00
-4.440704304509046807e+01 -6.568694729013010658e+00
-4.444235948583456519e+01 -6.542095853172780195e+00
-4.457141372217925834e+01 -6.503197087042506652e+00
-4.458158726154273666e+01 -6.484280208940307766e+00
-4.469050907402292694e+01 -6.513551197491976197e+00
-4.479108047476466226e+01 -6.500086609314934094e+00
-4.484360267940072475e+01 -6.501067859264582971e+00
-4.490904606530605037e+01 -6.484256454917649570e+00
-4.490971570787048961e+01 -6.514117412942647789e+00
-4.505650535976537441e+01 -6.523912852385588934e+00
-4.509623076619399029e+01 -6.548218587892407960e+00
-4.507039104494732840e+01 -6.639573056855853750e+00
-4.527893280071017301e+01 -6.654748455762663717e+00
-4.535569648710514201e+01 -6.683426630512474098e+00
-4.546512436675816815e+01 -6.720601019026317680e+00
-4.545923651994586123e+01 -6.764331774665016006e+00
-4.548036082445966599e+01 -6.828317728035666612e+00
-4.556194176347869984e+01 -6.900408795956937347e+00
-4.563852057956048469e+01 -6.961695555624224596e+00
-4.562190947205557023e+01 -7.039185718487887655e+00
-4.569568841889895339e+01 -7.102674599934334587e+00
-4.562153283256343173e+01 -7.183320784088487621e+00
-4.571456283694343625e+01 -7.299490752378845926e+00
-4.563855711515731883e+01 -7.354145192064928338e+00
-4.567244028823902369e+01 -7.441502651370226928e+00
-4.566220842813434899e+01 -7.530763322100709978e+00
-4.562823083202376040e+01 -7.594516722955393817e+00
-4.564667396935893606e+01 -7.636660042838942175e+00
-4.561605482144022972e+01 -7.718316542313998774e+00
-4.558826660122792873e+01 -7.768102393778445247e+00
-4.553135645950911936e+01 -7.866026074150736846e+00
-4.541264626072290156e+01 -7.955602497448004407e+00
-4.543759710768475912e+01 -7.989974953593352858e+00
-4.537081105270941350e+01 -8.075213846839542242e+00
-4.527724310899181148e+01 -8.074182445353306647e+00
-4.523003852018295845e+01 -8.128107887038959589e+00
-4.515868943142947245e+01 -8.147972587648967036e+00
-4.513762489236732023e+01 -8.210470938387821604e+00
-4.504314826348765166e+01 -8.191214704124167412e+00
-4.503393145512860940e+01 -8.243722319916459540e+00
-4.487853166849661335e+01 -8.237274875022247755e+00
-4.482274725509318358e+01 -8.206483511763714489e+00
-4.473371675773029210e+01 -8.217876560312138423e+00
-4.465631505719867533e+01 -8.250675866291834026e+00
-4.454021190061696700e+01 -8.283100439235926871e+00
-4.453422145667266818e+01 -8.233544737321011553e+00
-4.441586294510476307e+01 -8.230705268456391721e+00
-4.438654214238869145e+01 -8.172528101787291277e+00
-4.430291534555707500e+01 -8.157319957228757801e+00
-4.423487015695567237e+01 -8.087432148232686302e+00
-4.416564474288108499e+01 -8.054576537998528352e+00
-4.413023156340614861e+01 -7.971072575058187226e+00
-4.407936927176822905e+01 -7.930023942756244892e+00
-4.399924928548416148e+01 -7.845820999799978601e+00
-4.398297736043553385e+01 -7.821033461605966686e+00
-4.392301424178878477e+01 -7.726301883136453164e+00
-4.393024373450730025e+01 -7.631095269205865783e+00
-4.392450954597502033e+01 -7.609680553762033561e+00
-4.387845848698562889e+01 -7.520959690981762868e+00
-4.387889999141001596e+01 -7.437244345699207670e+00
-4.386289197116031602e+01 -7.345474304349254524e+00
-4.386746327481542806e+01 -7.268145969709109089e+00
-4.384171131634549567e+01 -7.170878613721088257e+00
-4.386962514491039400e+01 -7.088241877407337910e+00
-4.394415493443543141e+01 -7.027362068512577942e+00
-4.393927652950098661e+01 -6.974646790899856619e+00
-4.398456041176847009e+01 -6.899211641698091313e+00
-4.404016750537908820e+01 -6.857205162709965052e+00
-4.410788566903115537e+01 -6.778843877239271620e+00
-4.414186292960646796e+01 -6.715354293493366100e+00
-4.419008056070806845e+01 -6.650949999814193880e+00
-4.427543088620475942e+01 -6.659630777714617977e+00
-4.434934087585250495e+01 -6.596597431132103395e+00
-4.435420858764226892e+01 -6.584431006884737592e+00
-4.451087864057578258e+01 -6.534872991447238100e+00
-4.449951670937048931e+01 -6.504197819344749831e+00
-4.460904856641808180e+01 -6.506216487687521699e+00
-4.461174077514343850e+01 -6.507597228635301434e+00
-4.473607453567190362e+01 -6.475967754467904847e+00
-4.483268165095977054e+01 -6.479764495844302807e+00
-4.489349195730180497e+01 -6.473895586530228563e+00
-4.488335124671958454e+01 -6.481399928377942210e+00
-4.501548454408671063e+01 -6.505434672037292643e+00
-4.513413150086896763e+01 -6.517369514813248443e+00
-4.514190044018095449e+01 -6.568116628524298228e+00
-4.524570704042511693e+01 -6.602695243626008903e+00
-4.524834930988806292e+01 -6.663308837293848264e+00
-4.529505670292897435e+01 -6.693306650532917956e+00
-4.535994523018302971e+01 -6.754456153833753085e+00
-4.550010377017731145e+01 -6.802693725593315754e+00
-4.558556360013230346e+01 -6.865801961088016547e+00
-4.554607940895774476e+01 -6.945230023457927615e+00
-4.555667979001663781e+01 -7.018840938141430286e+00
-4.567658206764804874e+01 -7.042664640699683787e+00
-4.567409031920472273e+01 -7.164199842775051508e+00
-4.570326239045419925e+01 -7.234432510250634607e+00
-4.573180865032968967e+01 -7.254544309807391400e+00
-4.564156435031162573e+01 -7.482090611941860203e+00
-4.568007800134294172e+01 -7.458894396682010708e+00
-4.573908764876737365e+01 -7.504340591086670287e+00
-4.566839142464370838e+01 -7.567650282467061729e+00
-4.561664687141571761e+01 -7.644418948709364336e+00
-4.559358735996015355e+01 -7.747825364413761129e+00
-4.554017930426704197e+01 -7.777990153797570194e+00
-4.549157689153565087e+01 -7.877421573425959167e+00
-4.549207647457613035e+01 -7.919487881330242729e+00
-4.540623573263754764e+01 -7.976002409142278538e+00
-4.535612747267352773e+01 -8.070896787957329011e+00
-4.524540869142781929e+01 -8.082842355046594207e+00
-4.519236876633921440e+01 -8.122306769830364814e+00
-4.510507193644583879e+01 -8.118274872147045684e+00
-4.508132767788075057e+01 -8.186120719570121551e+00
-4.497327996025834551e+01 -8.176361114902642058e+00
-4.499632242620172917e+01 -8.235783160857071294e+00
-4.486927158213580924e+01 -8.211257676509182701e+00
-4.477637966995801833e+01 -8.234023562427445597e+00
-4.466628782527824626e+01 -8.230900430826686431e+00
-4.462710775238987537e+01 -8.229103227619253502e+00
-4.450528525621761133e+01 -8.238562534041408369e+00
-4.441766562702872534e+01 -8.207736255403110803e+00
-4.435898453740545477e+01 -8.196273698573408595e+00
-4.429588354002619610e+01 -8.144882100614456277e+00
-4.423854704745842525e+01 -8.114143312632197791e+00
-4.420139201605152124e+01 -8.047562462461206323e+00
-4.413231993201052461e+01 -8.017010312237752956e+00
-4.406730578846337210e+01 -7.938319089593753652e+00
-4.407325333266217626e+01 -7.846483516812313042e+00
-4.400767267111896075e+01 -7.783548248945963977e+00
-4.400967634739657086e+01 -7.724771753768555627e+00
-4.392559530448171756e+01 -7.645151402045603284e+00
-4.390729980524153575e+01 -7.577957725273129164e+00
-4.390557370648708257e+01 -7.510168088824800137e+00
-4.390287369210199131e+01 -7.465833918587298612e+00
-4.386171477296235111e+01 -7.349479046528824888e+00
-4.386159008276609228e+01 -7.278876328693764108e+00
-4.387574844714268352e+01 -7.195457404777762633e+00
-4.389313455124100471e+01 -7.119058332594267569e+00
-4.393545555795952140e+01 -7.048667044527380021e+00
-4.396862379373737895e+01 -6.970230272589243548e+00
-4.400684089291608814e+01 -6.898322748318219233e+00
-4.401609656820114225e+01 -6.852724899955853211e+00
-4.407601493147507909e+01 -6.770848963395050824e+00
-4.414091239303012060e+01 -6.717714803767086629e+00
-4.415635295948771954e+01 -6.669526761799312808e+00
-4.426983503931076314e+01 -6.633218879783858490e+00
-4.430255995990282258e+01 -6.610490173450055629e+00
-4.438348838723995016e+01 -6.553675208643145567e+00
-4.442198528055321560e+01 -6.537758657380233096e+00
-4.456700878113343123e+01 -6.495527131883373606e+00
-4.460151468423292442e+01 -6.480865659316664917e+00
-4.468590636658470316e+01 -6.469034187629437049e+00
-4.471940061533076971e+01 -6.459494885472939707e+00
-4.481460443898342305e+01 -6.466777974996136713e+00
-4.484597466046528780e+01 -6.481184058720821817e+00
-4.491230718917490350e+01 -6.473198504233552697e+00
-4.496798709504923863e+01 -6.470752604576658129e+00
-4.505764157643972823e+01 -6.495526786114476536e+00
-4.517502183086227774e+01 -6.518088722233519761e+00
-4.520451622058566699e+01 -6.539587796190242663e+00
-4.531238078466370922e+01 -6.588140652278399401e+00
-4.545392967129748740e+01 -6.659506058669394157e+00
-4.551730989688853413e+01 -6.704275836460114490e+00
-4.551071752477572829e+01 -6.746731507892207880e+00
-4.543983512691959703e+01 -6.837654265843476686e+00
-4.555214193274142076e+01 -6.915600784987341321e+00
-4.569770843832539953e+01 -6.958630308435176381e+00
-4.566118872630786285e+01 -7.032495853441506739e+00
-4.562136419758995487e+01 -7.089559280351193316e+00
-4.573639185462262446e+01 -7.179196924979712513e+00
-4.567552884756195652e+01 -7.269668903652596548e+00
-4.573351271632261472e+01 -7.328632681927868653e+00
-4.572392878483410783e+01 -7.387995785375002455e+00
-4.567680956382543656e+01 -7.477418654874399273e+00
-4.568856430265264379e+01 -7.577548383317783909e+00
-4.563015241666229116e+01 -7.620748481827452459e+00
-4.558467952473978357e+01 -7.737623116091691067e+00
-4.559590882854062954e+01 -7.743642983703498572e+00
-4.554963122609621706e+01 -7.859282785354731793e+00
-4.549777009041903852e+01 -7.917680627025434070e+00
-4.542850063378983094e+01 -7.947873685159539292e+00
-4.540183227068047955e+01 -8.027862785647773336e+00
-4.532607848490040681e+01 -8.078149311325450554e+00
-4.528691236163538747e+01 -8.092599840551395474e+00
-4.521311719177050037e+01 -8.143331242454173946e+00
-4.515542621761982645e+01 -8.191947851113475565e+00
-4.507034726499453114e+01 -8.224140583021670281e+00
-4.503341383308790569e+01 -8.221767344031867708e+00
-4.493312758280450936e+01 -8.192328302511638682e+00
-4.486518373100081902e+01 -8.248827275439049700e+00
-4.476932953826541706e+01 -8.227156978228437723e+00
-4.470915040082178393e+01 -8.190364137400917954e+00
-4.461545711104962919e+01 -8.232067076574255182e+00
-4.447120966019328847e+01 -8.265938997342175298e+00
-4.449642240165994878e+01 -8.172213779471455553e+00
-4.438195678658867394e+01 -8.102321602313416804e+00
-4.434566621591745417e+01 -8.105626197047968162e+00
-4.425002314775196766e+01 -8.047930826550706129e+00
-4.418065643789686447e+01 -7.990383376578876096e+00
-4.412604444554795435e+01 -7.969867644271107388e+00
-4.409321303850773432e+01 -7.902729917127264692e+00
-4.403777033656580642e+01 -7.848114040921216450e+00
-4.396726742072015526e+01 -7.760621393114790934e+00
-4.396579275990811908e+01 -7.687672451294256248e+00
-4.394456971609081108e+01 -7.621454472366449906e+00
-4.392813483121125984e+01 -7.564392299245680462e+00
-4.394377525787174932e+01 -7.481198054016663157e+00
-4.389514648896282267e+01 -7.479434357658786503e+00
-4.392259613705484611e+01 -7.453497004100233525e+00
-4.388130570574515588e+01 -7.405587212838858235e+00
-4.389367719213639418e+01 -7.464564321008541725e+00
-4.389361062340378083e+01 -7.466301163518545891e+00
-4.389561588092963973e+01 -7.425868071223503897e+00
-4.389347520706744632e+01 -7.434913682328921247e+00
-4.388032098411746773e+01 -7.440017891254237625e+00
-4.390390173656972195e+01 -7.466153618832769290e+00
-4.386299723883043811e+01 -7.403418999798728528e+00
-4.389134675063110080e+01 -7.450691368655198765e+00
-4.384596706183722858e+01 -7.433441749513092667e+00
-4.387253884620744060e+01 -7.416453637558814371e+00
-4.389056708282817709e+01 -7.422001885817129718e+00
-4.390759421662212247e+01 -7.417233144809910250e+00
-4.388785887744334957e+01 -7.449183286164639206e+00
-4.392704624655867462e+01 -7.408741696725932080e+00
-4.388233817710109008e+01 -7.417174970374290410e+00
-4.388974204897927223e+01 -7.439114672189789168e+00
-4.390348344307840023e+01 -7.430936742765140934e+00
-4.389001308846508920e+01 -7.489349846328699378e+00
-4.389422245462206718e+01 -7.487565318969966022e+00
-4.392074105891360603e+01 -7.478491081569148768e+00
-4.389546998251807253e+01 -7.436482588526508231e+00
-4.387856481731467539e+01 -7.393435160606180112e+00
-4.386423675113895371e+01 -7.422766901096437664e+00
-4.384059858929155951e+01 -7.396073630962694878e+00
-4.389184357637866896e+01 -7.420964070201872431e+00
-4.394067021238195281e+01 -7.427911624098963550e+00
-4.389569435363510763e+01 -7.420003544503520843e+00
-4.389623580542660619e+01 -7.385121875463600105e+00
-4.389052897310320844e+01 -7.408488870989340391e+00
-4.383650807456380250e+01 -7.451161277576776598e+00
-4.389929030758482043e+01 -7.420811239216907218e+00
-4.391958860193300751e+01 -7.428376134552236998e+00
-4.391356693653712995e+01 -7.396352105485406447e+00
-4.384419620072193169e+01 -7.431898811603526056e+00
-4.393742287102228516e+01 -7.398523845532984922e+00
-4.390946323439116128e+01 -7.412309311356798602e+00
-4.388583814191985510e+01 -7.417773112873614849e+00
-4.388176068474148650e+01 -7.416404060022355083e+00
-4.388458068206707452e+01 -7.458116634996961203e+00
