-43.9056350555724	-7.040248477171891
-43.905635055572397	-7.0402484771718914
-43.907354387336156	-7.0251122396585295
-43.909236540326923	-7.0110290604243621
-43.911522886079389	-6.9960313385103738
-43.913926151022167	-6.9821104991995968
-43.916485926656776	-6.9687479378124415
-43.919228677820769	-6.9556819991558507
-43.922116342102207	-6.9430200159986954
-43.925661546059025	-6.9285994321494497
-43.929681551375317	-6.9135071633806797
-43.933401054900401	-6.9005998842785949
-43.937421518607017	-6.887509526170124
-43.941252894799995	-6.8757809902287885
-43.945907243519024	-6.8622694372827926
-43.951104307370755	-6.848044007770782
-43.956255689931929	-6.8347589880387423
-43.961269248527103	-6.8225059365921048
-43.967318100120636	-6.8084176186574279
-43.974104945827115	-6.7934390272121687
-43.980885855315101	-6.7792843528187001
-43.987594056678027	-6.7659831195441171
-43.993935969202823	-6.7539900926354948
-44.001089600479126	-6.7410194256456117
-44.008537439395297	-6.7281080696775746
-44.014994532323364	-6.7173979418802112
-44.021297198259937	-6.7073173274008822
-44.028138058905142	-6.6967421380934535
-44.035568494102002	-6.6856567792840735
-44.043680879749175	-6.6739954950198879
-44.052860170774707	-6.6613056983904277
-44.062057366529586	-6.6491200975828955
-44.07168485088858	-6.6368761782580368
-44.080372064267344	-6.6262758416713332
-44.089239809464381	-6.6158391582693294
-44.097117956345016	-6.6068940446821367
-44.106349539977202	-6.5967332110377761
-44.115784085691402	-6.5867132803900246
-44.125686375791766	-6.5765656540889337
-44.136122579215538	-6.5662570088879848
-44.146567914512481	-6.5563246770191679
-44.157046097766838	-6.5467275423620199
-44.168832128651317	-6.5363252589972536
-44.179575327915636	-6.5272261025853897
-44.192076977750304	-6.5170236019328893
-44.202942120741369	-6.5085290754582035
-44.214150325102054	-6.5000848660183568
-44.224091572373588	-6.4928749373323553
-44.234387678925415	-6.4856549967193402
-44.245376136224202	-6.4782138389563784
-44.256363566109229	-6.4710459966065281
-44.269486474788962	-6.4627998014646222
-44.282422604581654	-6.4550291217782796
-44.293477461321963	-6.4486794978954984
-44.30500997076993	-6.4423066910059541
-44.316312355724797	-6.4363107807713043
-44.329259282408529	-6.4297152985905992
-44.343444860886017	-6.422822275461324
-44.356721340141199	-6.4167033575929073
-44.369531916649905	-6.4110910598483573
-44.382459619246575	-6.4057047164956407
-44.396201007259606	-6.4002700377214348
-44.408096774247866	-6.395826928719635
-44.422352591938605	-6.3907681951100637
-44.435244574677426	-6.3864761971528052
-44.448119613261717	-6.3824403757729362
-44.460601091633031	-6.3787664602530825
-44.473268435706395	-6.3752689312314681
-44.487322113984838	-6.3716451705247161
-44.502786100614287	-6.3679666580102063
-44.517067456778115	-6.3648789975366551
-44.529619009869592	-6.3624132521222743
-44.542207120761312	-6.3601564844043654
-44.554755568672157	-6.3581209836888615
-44.567891720000937	-6.356211806419946
-44.581472639846218	-6.354476106380643
-44.594584567744526	-6.353036411420482
-44.609203337863761	-6.3516838645537952
-44.62366043403906	-6.3506233873373015
-44.637154284301538	-6.3498882429316303
-44.652560092453434	-6.3493194571622604
-44.668447828039398	-6.3490507070417816
-44.684209444626923	-6.3491088639733499
-44.696689460939247	-6.3494100296272675
-44.710264071141893	-6.3499575735187834
-44.72364718202796	-6.3507337230343177
-44.736281512331935	-6.3516870444819524
-44.749704556750281	-6.3529219539534179
-44.764135681593565	-6.3545044101824111
-44.77922082991801	-6.3564465932360488
-44.794546052083668	-6.3587277545620511
-44.808094187247441	-6.3610234855493637
-44.820826248998657	-6.3634150325238616
-44.83459635252634	-6.3662418094669526
-44.849317248574302	-6.36954447950143
-44.864250980959326	-6.373203134409243
-44.878335365126567	-6.3769528517842966
-44.890928031776319	-6.3805615972914742
-44.904166491229688	-6.3845999533908246
-44.916349063867813	-6.3885565348801752
-44.92947934950805	-6.3930633179948133
-44.943142678044303	-6.3980297186088375
-44.957556296514767	-6.4035785994136081
-44.970885750990476	-6.4090190316129894
-44.982240015795085	-6.4139024840622412
-44.995445337738794	-6.4198346192140718
-45.008338902491666	-6.4259200799101066
-45.021775227708432	-6.4325681497307201
-45.035155185235169	-6.4395152667436539
-45.047608441112601	-6.4462935001420458
-45.06001728376463	-6.4533462967145141
-45.071860482264874	-6.4603707053433128
-45.083026329577336	-6.4672657704325305
-45.094239152814509	-6.4744562235538989
-45.106380738105031	-6.4825415517628171
-45.118985682358698	-6.4912840164284527
-45.13088687380705	-6.4998939229051285
-45.14084676108817	-6.5073924551211535
-45.153302221617942	-6.5170892265440328
-45.16620018609246	-6.5275614111623428
-45.17769909037883	-6.5373160598413111
-45.187752840352644	-6.5461885470322843
-45.197287516666123	-6.554902459317999
-45.206184332765076	-6.5633111631591374
-45.215594545205946	-6.5724922278741955
-45.224881073249179	-6.5818668766338631
-45.23419044609259	-6.5915918762922505
-45.243655305266238	-6.6018312806839736
-45.253812166797012	-6.6132258735243967
-45.262736623086653	-6.6236459383227508
-45.272036638327918	-6.6349038150361421
-45.28066570557899	-6.6457617947048107
-45.290079159116381	-6.6580542683433501
-45.298932811325876	-6.6701095795433094
-45.307004493874153	-6.6815590999259866
-45.314479313771308	-6.6925818120874538
-45.321530261485236	-6.7033761484717056
-45.32895095967141	-6.7151622841713827
-45.335988295329827	-6.7268004927162535
-45.343460903740258	-6.7396655806380297
-45.350687520229435	-6.7526788463604204
-45.356906830470351	-6.7644059009948458
-45.363025315636776	-6.7764387207635233
-45.369409658747145	-6.7895577892651726
-45.375805660970478	-6.8033583868563765
-45.381854408126173	-6.8171145099827397
-45.38738372155094	-6.8303852244468741
-45.392892080373549	-6.844332415822949
-45.397620400703957	-6.857021272076504
-45.4020846720923	-6.869676272401481
-45.406115896388428	-6.8817704544919263
-45.409965918351197	-6.8939907414150747
-45.413646647471332	-6.9063886550609297
-45.417661568915726	-6.9207932830059127
-45.421511594573182	-6.9357194406365767
-45.424623188440222	-6.9488636432813067
-45.427574362099939	-6.9623821597103035
-45.430546242626853	-6.9772727768255702
-45.433362274899054	-6.9929885266907039
-45.435419424371389	-7.0060171782252629
-45.437089021098615	-7.0179079987288091
-45.438703224768226	-7.0308664619305921
-45.440120207687251	-7.0440591200497034
-45.441350044229686	-7.0577187735259841
-45.442381496808345	-7.0720179952086744
-45.443091908765219	-7.0853040694360097
-45.443633629238214	-7.1002755990956823
-45.443875914845513	-7.1147458746330869
-45.44384824697714	-7.1284201436027432
-45.44357668702304	-7.1421653874727387
-45.443058306223051	-7.1559528516004738
-45.44222490249404	-7.1709617413475337
-45.441146441156569	-7.1853216379563136
-45.439817888115805	-7.1994689780999721
-45.438148538149591	-7.2143036957359614
-45.436250000424977	-7.2286672861583785
-45.434151385155644	-7.2425340264178892
-45.431838097339615	-7.2561418769272521
-45.428980160703546	-7.2713057841541833
-45.426027602360357	-7.2854146315457209
-45.423026117951437	-7.2985296887291655
-45.419725815572299	-7.3118754418808543
-45.416110793831415	-7.3254507335185179
-45.41196124524842	-7.3399647703399165
-45.407703691746576	-7.3538242462260515
-45.403254489374135	-7.3673934328752066
-45.398550053779886	-7.3808915790261027
-45.394175162812154	-7.3927332618971775
-45.389081162911744	-7.4058565010600432
-45.383896717487175	-7.4185224336494215
-45.378612075225263	-7.4308067326574427
-45.372445974863105	-7.4444818218667459
-45.36594245837437	-7.4581874058307847
-45.359969357775093	-7.4701612490980827
-45.353849639441563	-7.4819140011941894
-45.346803349070903	-7.4948967098427444
-45.339155160004211	-7.5083664917730379
-45.331306484017617	-7.5215647875093588
-45.324005644387881	-7.5333033750931921
-45.316686223394456	-7.5446146047204401
-45.30989172217167	-7.55472300558601
-45.3026308185107	-7.5651652442802657
-45.29502822016461	-7.5757230767732446
-45.286032956531734	-7.5877806580743199
-45.276026786170696	-7.6006612696420293
-45.266633393732192	-7.6122391345162006
-45.25755073116536	-7.6230019176557366
-45.24792815685165	-7.6339909374551622
-45.237797990888772	-7.6451268564194326
-45.22783126620611	-7.6556624313817645
-45.217181804215045	-7.6665038862671588
-45.207722412847275	-7.6757616547461733
-45.19785320641936	-7.6850943393994484
-45.188188559322725	-7.6939164028172424
-45.178101085131139	-7.7028154122646271
-45.167392828628266	-7.7119349338239562
-45.155351295480365	-7.7218167849321624
-45.144037499493443	-7.7307251901207934
-45.132722494904812	-7.7392972102934383
-45.121140482493978	-7.7477405531869525
-45.10961610519329	-7.7558182255475758
-45.096803657787937	-7.7644544286506978
-45.084143344043518	-7.7726240632429136
-45.072659133607019	-7.7797208855965412
-45.061650256179249	-7.7862604930074877
-45.049807379669062	-7.7930320797805868
-45.037840959201311	-7.7995962118802362
-45.025334340655085	-7.8061714723056168
-45.012453755562717	-7.812644966196542
-44.998708302994899	-7.8192342514735005
-44.986460443263034	-7.8248106669946953
-44.973225259158326	-7.830559953099625
-44.960165178143328	-7.8359450115532558
-44.94621287997083	-7.8414011457908979
-44.931370266135566	-7.846875494490865
-44.917854193361556	-7.8515479315198506
-44.905480191704015	-7.8555702928248063
-44.892174335508052	-7.8596486928779319
-44.879064604111989	-7.863409580234646
-44.865944585891647	-7.8669235464926297
-44.853247941926845	-7.8700855709707396
-44.838053963669765	-7.8735968995563441
-44.824508381641557	-7.8764400606295064
-44.811891083012938	-7.8788528278342902
-44.797813220515913	-7.8813025792639753
-44.782253096553823	-7.8837141532978281
-44.766916071137658	-7.885771462377372
-44.75243527054262	-7.887418889163607
-44.737910592128237	-7.8887938371861193
-44.72496034219477	-7.8897729751517574
-44.711616335344047	-7.890556154941053
-44.698580017542163	-7.8910947569015519
-44.684570583005993	-7.8914362918642391
-44.670862122941998	-7.8915213322422773
-44.655559256822009	-7.8913442403070482
-44.640871556708994	-7.8908826642451437
-44.627711362460076	-7.8902179067703884
-44.613168502660876	-7.889233956111557
-44.599102805214855	-7.8880148563398071
-44.583662890798834	-7.8863913903798917
-44.568908123525077	-7.8845389837320221
-44.555618202367917	-7.8826095250195145
-44.541399507525512	-7.8802917498807696
-44.52818479113634	-7.8778834189063183
-44.512895574312552	-7.8748209765709669
-44.498403157175161	-7.8716120820988866
-44.483321343152745	-7.8679668370904645
-44.469623178350574	-7.8643628611033574
-44.456691888269617	-7.8607054496983979
-44.444922176142356	-7.857153958607519
-44.430929182335113	-7.8526870292825333
-44.418431181167506	-7.8484334095520571
-44.405267808751852	-7.8437003996391503
-44.391244307752189	-7.8383689623192137
-44.377348045023979	-7.8327741534808881
-44.363577721431199	-7.8269167265371014
-44.352732473918877	-7.8220529169513124
-44.340415574959756	-7.816299498738104
-44.32760357365715	-7.810037381031659
-44.313315178029846	-7.8027233020891389
-44.301574856908111	-7.7964018065124225
-44.290601798929181	-7.7902463915318299
-44.279421410744504	-7.7837326459347436
-44.267266727122916	-7.7763753987983986
-44.254113077533482	-7.7680785930354315
-44.241801592267819	-7.7599614371786041
-44.230024043332897	-7.7518690555259804
-44.217417278270801	-7.7428585759390494
-44.206510444451389	-7.7347271288605866
-44.196366369374218	-7.726882203715336
-44.186054902773272	-7.7186302323502787
-44.175247930100873	-7.7096738850744906
-44.163847074801687	-7.699869950168571
-44.153275439175239	-7.6904143914680239
-44.144512609436468	-7.682281713384425
-44.133953916695489	-7.6721731826351105
-44.124167364028992	-7.6624417567155758
-44.113580468082198	-7.6515308411990732
-44.104023046108985	-7.6412842804369303
-44.093997395565438	-7.630136387160344
-44.083595358272049	-7.6181076743986216
-44.074923111429754	-7.6076510404949564
-44.066042050573849	-7.59655037980815
-44.057670321282259	-7.585681561299543
-44.048484517187745	-7.5733065951792211
-44.040405107755895	-7.5619550294189422
-44.033341851809581	-7.5516417215736276
-44.026677611759446	-7.5415644940820759
-44.019127610249065	-7.5297496977410505
-44.011972901154941	-7.5180916858469988
-44.004150376937744	-7.5048232783409938
-43.996701073133764	-7.4915908032815652
-43.989622239110233	-7.4784161548099588
-43.982848785576664	-7.46520148168237
-43.976643914273701	-7.4524993891338935
-43.970702424326049	-7.4397490507057125
-43.965109697503912	-7.4271520065541727
-43.95928287696664	-7.4133686606461255
-43.95432987853745	-7.4009878873392339
-43.949447505186392	-7.3881440576767963
-43.945292628862468	-7.3765988125696555
-43.940681098579191	-7.3631151204982963
-43.936034160927107	-7.348661017571553
-43.931674981089166	-7.3341259852857146
-43.927799310002825	-7.3202140310836628
-43.924017049651994	-7.3055829691765277
-43.921002905614024	-7.2929028998281558
-43.918028434745452	-7.2793778046835875
-43.915316534952787	-7.2658971382984712
-43.912942549085365	-7.252901992541033
-43.91051654127579	-7.2382020680156458
-43.908525122643056	-7.2244919171218784
-43.906817325538135	-7.2110398662629427
-43.905238278944509	-7.1965699827017611
-43.903997908605078	-7.1827980285139486
-43.90303497010909	-7.1694270550810613
-43.902260898087597	-7.1552407380057064
-43.901753772274958	-7.1411946089546525
-43.90148121167082	-7.125938616372629
-43.901506153944489	-7.1129538172124613
-43.901770067805074	-7.0988857683093896
-43.902288343430392	-7.0848855072277619
-43.903179870280795	-7.0687416659650655
-43.904233983486741	-7.0549226871963651
-43.905511101617343	-7.0413912873900673
-43.906920379103852	-7.0288301759809517
-43.908758363859974	-7.0145624971203233
-43.910739184753105	-7.0011633630654524
-43.912953339336212	-6.9878111803413878
-43.915323359964454	-6.9749245915682918
-43.91841149327778	-6.9596015094898576
-43.921768408981187	-6.9445288441744095
-43.925258208274954	-6.9302163208885803
-43.928911304930857	-6.9163873823960245
-43.932704224342054	-6.9030369081177554
-43.937087775750037	-6.8886009119371527
-43.94105185397153	-6.8764094037541641
-43.945184193179983	-6.8643839423978816
-43.95023117820206	-6.8504486873765229
-43.955070535486712	-6.8378484049372945
-43.960277195352447	-6.8249698349465691
-43.966177194184972	-6.8111005638461055
-43.97203664347969	-6.7980411712806417
-43.97844295425277	-6.7844443644515042
-43.984914599575042	-6.7713756750688781
-43.99146659746679	-6.7587507743194326
-43.997431244781637	-6.7477583388536919
-44.004265569568616	-6.7356362934231138
-44.012061719915224	-6.7223734644597801
-44.020130573505405	-6.7092530078869554
-44.027404331697689	-6.6979382276856212
-44.034418445287059	-6.6874346891589349
-44.042627130753196	-6.6755677928070964
-44.050801391347903	-6.6642108352464042
-44.059689020727369	-6.6523237119192631
-44.069007106880058	-6.640348490921097
-44.078178762872838	-6.6290281973579903
-44.087170245386261	-6.6183492009138885
-44.095911379144333	-6.608340970931426
-44.105395312560525	-6.5978526194294735
-44.115410079768225	-6.5871773428794738
-44.126180134807321	-6.5761250328236569
-44.135551382099919	-6.5668854852325627
-44.144649269441345	-6.5582165798535357
-44.153843398768906	-6.5497374582721282
-44.164069105556848	-6.5406093632323259
-44.174332769242518	-6.5317700802558338
-44.185718835426627	-6.5223073093554262
-44.197448449147224	-6.5129337851386122
-44.209647247507768	-6.503568573686497
-44.221025766076458	-6.4951883486746951
-44.232864988134587	-6.4867990069792381
-44.244247449873022	-6.4790508238096347
-44.257473973382076	-6.4703888200474493
-44.269450418139577	-6.4628917157010584
-44.280775576971422	-6.4560878586575905
-44.290705592659187	-6.4503513402568258
-44.30196069382103	-6.4440706569362671
-44.314730168532932	-6.4372222105471648
-44.326994576253163	-6.430938420773316
-44.341802391201888	-6.4236825466778074
-44.355007968371453	-6.4175583476383578
-44.367502349039889	-6.4120480665700388
-44.380395847557054	-6.4066323818322033
-44.394790821549428	-6.4008908204252579
-44.409396673071335	-6.3954026885467838
-44.423022072742306	-6.3905952106225774
-44.436347768277997	-6.3861724004131721
-44.448546183896113	-6.3823688242859262
-44.460687101599937	-6.3788027711486714
-44.475098752006566	-6.3748254041778178
-44.487379213854034	-6.3716910710368069
-44.501150623237287	-6.3684162795318269
-44.516591486832681	-6.3650426665037791
-44.530634743414126	-6.3622746446083047
-44.543851515900769	-6.359923455234977
-44.55727161261283	-6.3577763658492215
-44.571527532451078	-6.3557525091575053
-44.586784606631767	-6.3538763821151951
-44.600579836516133	-6.3524584938743542
-44.614323331011683	-6.3512952321942349
-44.628119792146798	-6.3503756441400006
-44.642162239999436	-6.3496922684468569
-44.656119413657386	-6.3492678815771093
-44.670043765297251	-6.349096727191073
-44.686312763186891	-6.3491905224710949
-44.698231034461116	-6.3495107326232345
-44.712986399807221	-6.3501355536805377
-44.727233206719049	-6.3510124053305592
-44.740303700524095	-6.3520599882948474
-44.754659397587119	-6.3534565832827097
-44.769694266804898	-6.355203647687456
-44.784449741610871	-6.3572124574340156
-44.798030884383863	-6.3593292313680188
-44.809973452664828	-6.3614092632561814
-44.821623376893498	-6.3636275321834201
-44.833665070322034	-6.3661128582401307
-44.848129493872719	-6.3693394624522064
-44.861624724900246	-6.3726233046661722
-44.877075482027301	-6.3766790521616379
-44.890237774928515	-6.3804271385429017
-44.903218290424164	-6.3843737745939482
-44.916778924941241	-6.3887588305184151
-44.929797185393184	-6.3932358597829158
-44.942950083701902	-6.3980233938204059
-44.955384347218754	-6.4028066520194606
-44.96749897945854	-6.4077088296106419
-44.979238665843361	-6.4126924181934628
-44.990561862616438	-6.4177217824621549
-45.004431121332772	-6.4241507291728484
-45.017750460568372	-6.4306485225082337
-45.031905608566973	-6.4378940326046088
-45.04521481652327	-6.4450566023958498
-45.057152999931262	-6.451786309815903
-45.06842163137852	-6.4584051513781864
-45.080821140418735	-6.465973709960644
-45.092380928947243	-6.4733320919182349
-45.104867265366728	-6.4815956215285473
-45.116082011646519	-6.4893348177854175
-45.125572499217938	-6.4961347306658102
-45.135512876789463	-6.5034872389987815
-45.146947151872219	-6.5122317555161304
-45.158265943397232	-6.521227668101556
-45.170419086276524	-6.5312641282469581
-45.180865592287681	-6.5402565126526246
-45.191693317430492	-6.5499192687616059
-45.202105633614764	-6.5595693369736363
-45.211521164376784	-6.568623412028912
-45.222252620694746	-6.5792985607763397
-45.232124243909993	-6.5895115899131191
-45.241249655032703	-6.5993073624880569
-45.251149192331077	-6.610311060668935
-45.260030527432676	-6.6205723936421332
-45.268193518225772	-6.6303461538124759
-45.277127172802714	-6.6414089044165348
-45.286185997259615	-6.6530597382375749
-45.295749903674	-6.6658582424801995
-45.304572601557553	-6.6781895730802887
-45.312274336870743	-6.6894140706420124
-45.320335901005684	-6.7016192949908744
-45.328533688568236	-6.7145578391409009
-45.336464902868222	-6.7276434275257131
-45.343327526129386	-6.7394899868378175
-45.350180585820262	-6.7518195781576749
-45.356510678005321	-6.7637155847390469
-45.362421568301315	-6.7753077661234142
-45.367405821586388	-6.7855041928976094
-45.372913520519525	-6.7972047815579844
-45.378676476622928	-6.810000132394916
-45.384933569621666	-6.8245962265659559
-45.39040656827239	-6.8381259451020799
-45.395360377569098	-6.851071644038492
-45.399998125473523	-6.8638762258596024
-45.404518751107823	-6.8770811366831035
-45.408552471803759	-6.8895985830111677
-45.41296270051496	-6.9041285919666171
-45.416693313373543	-6.9173507951044382
-45.420011689910403	-6.9299677272825351
-45.42337773297352	-6.9437065691880893
-45.426496985412975	-6.9575303148907928
-45.429654751472391	-6.9728287273316232
-45.432307375391964	-6.9871379479930349
-45.434535298878565	-7.0005651761780072
-45.436633647648229	-7.0147583050950919
-45.438254708111437	-7.0273361311716629
-45.439820560396043	-7.0412921301829776
-45.44102221505478	-7.0541034917851899
-45.442178243997049	-7.069118950937046
-45.442990319475058	-7.0832732299030647
-45.443473387910686	-7.0956765470793446
-45.443775296380039	-7.1088972156451682
-45.443852441732922	-7.1224667511802258
-45.443692031862909	-7.1359345624262174
-45.443281184015895	-7.1499171933215093
-45.442646550861646	-7.1632642869431828
-45.441671007785452	-7.1782889009187212
-45.440500533721405	-7.1921305122665746
-45.439033305794112	-7.2064125840686559
-45.437154357274977	-7.2218666089512507
-45.43504582758289	-7.2367028007476026
-45.432662418505856	-7.2514150977366088
-45.430261898188562	-7.2646121326564339
-45.427687767919025	-7.2774875828585204
-45.425101917546385	-7.2893659854742667
-45.422204914684386	-7.3017325199324308
-45.418524461722512	-7.3163547078298867
-45.414665273854801	-7.3305117411588849
-45.410310305943014	-7.3453676070122107
-45.406072849479358	-7.3588164986577196
-45.401716583496665	-7.3718088026752513
-45.397080867044366	-7.3848604611138509
-45.392622849309795	-7.3967314453958384
-45.387501238735794	-7.4097166746395926
-45.38213412275892	-7.4226343520881217
-45.376528365716638	-7.4354645495607761
-45.370273446494785	-7.449100295936617
-45.364650935254978	-7.4607537690990222
-45.358848984471003	-7.4722809325944315
-45.351993737848453	-7.485351464932072
-45.344082833715632	-7.4997576292815697
-45.336709269098463	-7.5125322756629975
-45.329358548419741	-7.5247227640449665
-45.321693045278067	-7.5369203615608678
-45.313977429590096	-7.5487032799042035
-45.306420946621188	-7.5597957662599891
-45.298272449863084	-7.57132100496045
-45.289671320301217	-7.5830259798774389
-45.281173038945077	-7.5941458685554739
-45.272871204368428	-7.6046095474055058
-45.264834466024375	-7.614386448480345
-45.255359598129935	-7.6255347872515546
-45.246185997473788	-7.6359226937240097
-45.235822408522615	-7.6472415091097403
-45.225320225834274	-7.6582631127052885
-45.215931525435821	-7.6677345630048963
-45.206087052757645	-7.6773281751857549
-45.195232373427565	-7.687535447822718
-45.183844305984969	-7.6978370678705641
-45.173089879981504	-7.7071829724720748
-45.163122303156676	-7.7155269385217178
-45.153254014194445	-7.7235088108824197
-45.142825379295019	-7.7316637075404442
-45.131792918187998	-7.7399896103611834
-45.120116187062557	-7.7484776244454983
-45.109091121402898	-7.7561807145126362
-45.096404882581027	-7.7647191383686822
-45.084191666056348	-7.7725919181168681
-45.071579546575343	-7.7803894640265296
-45.05948068913527	-7.7875518831830499
-45.047365132479754	-7.7944290573521871
-45.034399745268054	-7.8014820624124894
-45.021493819927883	-7.8081858962555346
-45.009310068109578	-7.8142256566782322
-44.997336187451786	-7.819900617354933
-44.985129280484074	-7.8254312272921274
-44.971881806741045	-7.831157976055672
-44.958010097273174	-7.8368489125325542
-44.942567866916391	-7.8428361443759602
-44.929814791690042	-7.8474682474935609
-44.916765910553522	-7.851949557095482
-44.904276416593781	-7.8559904723637937
-44.89116418604182	-7.8599876514325242
-44.878107104092621	-7.8637157106824844
-44.864420944977724	-7.8673640443882267
-44.850070052880199	-7.8709086257714453
-44.836813703805944	-7.873914511014533
-44.82385718683696	-7.8766132383508918
-44.810097945504538	-7.8792336588301026
-44.797035497803577	-7.881476358134905
-44.782850420680177	-7.8836615568001012
-44.767352510973296	-7.8857545458749438
-44.75439367099802	-7.8872377598829786
-44.740711935569891	-7.8885697171936506
-44.727957716249172	-7.8895822624847325
-44.713732783460415	-7.8904743815565297
-44.698433725403909	-7.8911503077960363
-44.684527872283084	-7.8914882221564975
-44.672487120385668	-7.8915635870927989
-44.659816451546284	-7.8914450643451337
-44.64727450359635	-7.891121611987491
-44.632277510486738	-7.8904905893230319
-44.618939283077879	-7.8896690542658536
-44.604017863407982	-7.8884901677435808
-44.588720339289786	-7.8869823211149983
-44.574113460375429	-7.8852479651140923
-44.559392394667334	-7.8832146368238325
-44.546393321838167	-7.8811631826294626
-44.531038794477737	-7.8784707179361435
-44.517503160690907	-7.8758141492757492
-44.503231117785624	-7.8727469878003333
-44.489738338359345	-7.8695789809401813
-44.477487026378654	-7.8664691446146877
-44.465084590019686	-7.8631036579953468
-44.451024756636052	-7.8590357271201245
-44.4361504162326	-7.8544244871048505
-44.422019191138617	-7.849728843534427
-44.408229763500444	-7.8448491802811642
-44.394786148540035	-7.8398030084350641
-44.381462692945014	-7.8345168908794038
-44.369203441226553	-7.8293872942443441
-44.35676859012576	-7.8239305845506397
-44.343510756209106	-7.8178321401200401
-44.330399393729508	-7.8114978046876908
-44.318528973899298	-7.8054839778012788
-44.307565491122205	-7.799689785293543
-44.296168642074527	-7.7934300959279206
-44.284002414986318	-7.7864783040019407
-44.270559746279687	-7.778469733265549
-44.257712750992702	-7.770458499704203
-44.246025680833974	-7.7628479377985729
-44.234807536766773	-7.7552503694936483
-44.223818366544101	-7.7475228458863779
-44.212732787865072	-7.7394353297681322
-44.201935328811828	-7.7312597379489452
-44.190313787355642	-7.7221347151160442
-44.179737236297179	-7.713497590715118
-44.169374123900305	-7.7047243926567175
-44.160122303729906	-7.6966081039767191
-44.150145869470052	-7.6875703822303523
-44.138782462869955	-7.6769092328471036
-44.128283725107806	-7.6666527307671055
-44.117319806160843	-7.6555262106734361
-44.10729557282437	-7.6449324645001093
-44.098470422393113	-7.6352453867477816
-44.089828393792097	-7.6254293613511583
-44.080857664136616	-7.6148847187674331
-44.071255259332041	-7.6031781387014457
-44.062203377525691	-7.5916899835931666
-44.053933362884877	-7.5807745235813897
-44.046084281829899	-7.5700232508126275
-44.038653605076377	-7.5594672229440452
-44.031667760707847	-7.5491815779032567
-44.023674712216483	-7.5369947862642972
-44.016132697126281	-7.5250077107103417
-44.007928825980819	-7.511421449338326
-44.000794273335735	-7.4990370938164244
-43.993947923066479	-7.4866268466850023
-43.987689996260421	-7.4747732757309802
-43.981643630136972	-7.4628218420251606
-43.975267740716227	-7.4496563249379468
-43.969139275624151	-7.4363648200278822
-43.963616980909478	-7.4237644773832656
-43.958557140386155	-7.4116353209349519
-43.953585835279164	-7.3991224828211921
-43.94850039193777	-7.3856410945910662
-43.943557669948561	-7.3717580205871238
-43.938535553575392	-7.3567503934102847
-43.934341221575195	-7.3433058112593006
-43.930503854386508	-7.3301661398995499
-43.927066848883065	-7.317570778767049
-43.923573623476031	-7.3038595509670916
-43.920501613222228	-7.2908050824194097
-43.917235861694707	-7.2757585247702599
-43.914664972061225	-7.2626568313230804
-43.912394310078362	-7.249922195303788
-43.910002222940847	-7.2350691216566707
-43.907900738041604	-7.2201752001245758
-43.906014971313056	-7.2046234052454796
-43.90462745947454	-7.1908438405545798
-43.903452694593746	-7.1766188521448893
-43.902557817783041	-7.1626313994044839
-43.901924092392107	-7.1487788881398133
-43.901557874660156	-7.1355783773326458
-43.90139832549788	-7.1205450023627792
-43.901521854842208	-7.1066367112570159
-43.901913108080365	-7.0921043104187573
-43.902513574517691	-7.0789932642845699
-43.903300341546831	-7.0664785529603291
-43.904418796337403	-7.0523582483833431
-43.905763513967656	-7.0385972669547181
-43.907545666694752	-7.023214338312691
-43.909544203531155	-7.0085463892795401
-43.91197624598297	-6.9929420558274282
-43.914539298497111	-6.9784535092695341
-43.917295044115363	-6.9644397894061054
-43.920193070929834	-6.9510201244100935
-43.923684994128386	-6.9361393159822509
-43.927240205325724	-6.9222338799498671
-43.930579611852473	-6.9101167840324855
-43.934262436921017	-6.8975564374906417
-43.938267275552946	-6.8847095267333751
-43.942535353160537	-6.8718145015783696
-43.947346509356244	-6.8580936201729594
-43.953174986901999	-6.8424239619616216
-43.958524521507428	-6.8289436732619713
-43.963976997105519	-6.815923589031101
-43.969562818130065	-6.8032416754461869
-43.974893052906907	-6.7917064542387564
-43.981044722608644	-6.7789498352331279
-43.987305623546163	-6.7665537909574551
-43.994306188951448	-6.7532922077737769
-44.001669262582091	-6.7399775938252953
-44.008524973471459	-6.7281381355633227
-44.015840274566138	-6.7160064699764224
-44.023589588585651	-6.7036731551792377
-44.031865459831764	-6.691037972184974
-44.040529805377204	-6.6783585750647747
-44.049470648175493	-6.6658180907297195
-44.057829869603218	-6.6545753044707574
-44.065915802618036	-6.6441028768389243
-44.074766234461038	-6.6330380389810468
-44.085000054397284	-6.6207148076796294
-44.09532770931488	-6.6087913829073255
-44.104367195091598	-6.5987766070467107
-44.112379760240799	-6.5902058497554137
-44.120884143838552	-6.5813820044170379
-44.131286327621289	-6.5709267710147135
-44.14110656518617	-6.5614268925339552
-44.151247409212765	-6.5519588298860238
-44.16251442189791	-6.5418124564240161
-44.173702996618012	-6.5321281950103343
-44.184085383014839	-6.5234845306839766
-44.195119183519196	-6.5146211159397351
-44.206760447888549	-6.5056161462458153
-44.21863622037786	-6.4967867886041404
-44.23013292216087	-6.4885770246601489
-44.24185217729201	-6.4805283257650039
-44.252544359072083	-6.4734714935044018
-44.263714769553076	-6.4663625489846224
-44.275777842548976	-6.458973374345784
-44.287032287053776	-6.4523602928404458
-44.299561812289049	-6.4452804899177494
-44.313344289558792	-6.4378285095776357
-44.326817814123721	-6.4308935286390616
-44.339393421567955	-6.4247301841529803
-44.351007154123238	-6.4192975320379322
-44.364762846054688	-6.413139521947671
-44.377793672814683	-6.407609081209821
-44.392219355578753	-6.4017967458492882
-44.405491303209239	-6.3967578977261157
-44.419498734274612	-6.3917328091965651
-44.432561883990815	-6.3873290632259208
-44.447055601995714	-6.382729873126709
-44.460223426588378	-6.3788354483562255
-44.4757744161098	-6.3745357554656374
-44.490519669091086	-6.3707890419514426
-44.50407854526869	-6.3676271434819318
-44.516061273002627	-6.3650599529298226
-44.529939220206487	-6.3623166069859609
-44.543507703664588	-6.3598921415284799
-44.557049478874148	-6.357721428063047
-44.570307085262137	-6.3558374228352665
-44.585472845270566	-6.3539502632224396
-44.600203169818855	-6.3524130169708402
-44.611870233577136	-6.3514215166650576
-44.62357341847818	-6.3506056976555136
-44.636074267679128	-6.3499251699069124
-44.650379300496816	-6.3493791442501468
-44.664637420281373	-6.3490997979441959
-44.680961040376424	-6.3490818698527223
-44.695673947273256	-6.34937716349169
-44.710248625578735	-6.3499480387702265
-44.724096285189802	-6.3507529616331135
-44.739675269331535	-6.3519399934525866
-44.754025001467191	-6.3533262540958617
-44.767590427819492	-6.354893186715695
-44.780101589228778	-6.3565633104016896
-44.792136808907046	-6.3583708411676279
-44.804977535809392	-6.360507060921945
-44.819316505922217	-6.3631419785957783
-44.834865499758465	-6.3663042067396018
-44.850537127147035	-6.3698286017796955
-44.864220128819461	-6.3732066314525255
-44.877754376849886	-6.3768115648367365
-44.890362201815059	-6.380416173714754
-44.903663744568348	-6.3844649888752425
-44.916079913643891	-6.3884902714756846
-44.9305099951047	-6.3934398604318785
-44.945153220984835	-6.3987885464910406
-44.957094393707465	-6.4034259193422347
-44.968575248711822	-6.4081054307346559
-44.980903717317545	-6.4133630817017924
-44.994291911873773	-6.4193497337460572
-45.008351792994077	-6.4259603541120871
-45.021866653268653	-6.4326503911869803
-45.034528849591808	-6.4392296604525248
-45.046232100562676	-6.4455883647957792
-45.058102550565764	-6.4523059787377512
-45.070104158600159	-6.4593809093856311
-45.081468986385808	-6.4663601113861695
-45.094322866185145	-6.4745631761355256
-45.106384349874638	-6.4826004856244044
-45.116917218558669	-6.4899086935886476
-45.126485267062961	-6.4967858540794401
-45.137944121605379	-6.5052905482372712
-45.149150659187406	-6.5139340703026232
-45.160147488071594	-6.5227423567180596
-45.171673225361417	-6.5323251233271193
-45.182414248974183	-6.5416143694770206
-45.192063418243116	-6.5502749625856271
-45.201931656005328	-6.5594363566345857
-45.213005767472033	-6.5700832132734117
-45.223434925478095	-6.5805176181070459
-45.2327634788033	-6.590214950813432
-45.24173077171119	-6.5998683174317954
-45.250405696011526	-6.6095329284395472
-45.258613891430514	-6.6189932957060389
-45.267580651376278	-6.6296735121199273
-45.276347094503855	-6.6405070161119006
-45.286177569283645	-6.653114673185561
-45.294615275349457	-6.6644114099039138
-45.302731334284864	-6.6757023194621068
-45.310309453648593	-6.6866562976678328
-45.317987364794867	-6.6981747267844476
-45.325798065459963	-6.7103607542012016
-45.33345173981207	-6.7228100309193719
-45.340572339186814	-6.7348998401486568
-45.347636898465268	-6.7474095008300514
-45.353624714168447	-6.7584895962492704
-45.359659968649169	-6.770107143774462
-45.366338398773721	-6.7835142901087409
-45.372944269217605	-6.7974473997582185
-45.378929366558701	-6.8107520034881386
-45.384545971067844	-6.8238965251682488
-45.389875781225271	-6.8370387885151995
-45.394579722582186	-6.8492793854034328
-45.399200590613916	-6.8619427450556643
-45.40370738761515	-6.8749976798610897
-45.408237947080373	-6.8889251439143093
-45.412385785307208	-6.9025503788378364
-45.41595807202323	-6.9151131623031308
-45.419387309540895	-6.9279984393752301
-45.422850393945858	-6.9419791029620335
-45.426110741738881	-6.9562805970931381
-45.429110109370889	-6.9706972877426976
-45.432034072058151	-6.986233371787204
-45.434454534048626	-7.000722065517885
-45.436352948328974	-7.0135892004189309
-45.43815539534571	-7.0274170467417889
-45.439714426755408	-7.0413367721208955
-45.441113908771982	-7.0562809566824587
-45.442151609969038	-7.0702949074288641
-45.44286379112701	-7.083069550112894
-45.443315271538374	-7.0946098792062156
-45.443627014879091	-7.1075283818831547
-45.443728897818204	-7.1213497986497183
-45.443583201022285	-7.1351584536573682
-45.44313171637117	-7.1510198587862686
-45.442412110024485	-7.1656844642074606
-45.441462057055418	-7.1796200393846359
-45.440262351955354	-7.1935063547765585
-45.438798395367783	-7.2074977218665532
-45.437138079722082	-7.2209840785773522
-45.435085262192977	-7.2355391869715477
-45.432969712730781	-7.2487176271801124
-45.430292615910155	-7.2637292542613343
-45.427444321098164	-7.2780559408140073
-45.424760670800751	-7.2903338188382012
-45.421288394529107	-7.3050647622306109
-45.417408087464096	-7.320191092613709
-45.413081589498447	-7.3357415404532569
-45.409162642810074	-7.3487652701905679
-45.405229134898569	-7.3610480894542354
-45.400867897381772	-7.3739212979845599
-45.396229761115897	-7.3868570845016048
-45.391231375470312	-7.4000526893568432
-45.385761062255511	-7.4137332020088449
-45.380225519160021	-7.4268445764742594
-45.374761916976787	-7.4391469260435077
-45.369273865595275	-7.4509448080325864
-45.362694161194078	-7.464487208904953
-45.356363785199797	-7.4768942424926337
-45.349391673169073	-7.4899701901984894
-45.342225759940739	-7.5028091753909409
-45.334784823932445	-7.5155633177436441
-45.327213758093627	-7.5279877417491567
-45.320188722611064	-7.5390413120435023
-45.312842417293425	-7.550178007339623
-45.304992626519841	-7.5616415000477391
-45.296815817996354	-7.573132881687286
-45.287910068580011	-7.5851762539729002
-45.279561137382565	-7.5960196308261496
-45.271456162262723	-7.6061684091102375
-45.261478431926193	-7.6182395641696123
-45.251754446211081	-7.6295288595100494
-45.241566674806542	-7.6409045620612499
-45.231668243059893	-7.6515262904758856
-45.222269295230191	-7.661238839505395
-45.212743018108355	-7.6707438490019761
-45.202646634296599	-7.6804721124844777
-45.192745632950484	-7.6896709476073175
-45.183124374350683	-7.6983007434447952
-45.172632714176096	-7.7073986380049035
-45.161484353061624	-7.7167196723829248
-45.150593715219756	-7.7254819409684581
-45.140209002605566	-7.7335315248117702
-45.129838061148583	-7.7412912444308883
-45.116993200389146	-7.7505696391047447
-45.103770533273163	-7.759713503266739
-45.091890702678469	-7.7675678432274653
-45.079951409988148	-7.7751484363624153
-45.068699852272076	-7.782006158922453
-45.057108425843793	-7.7888021860530836
-45.045838669724851	-7.7951484156941744
-45.034410545617931	-7.8013337336793249
-45.021727457489803	-7.8079244510715302
-45.008309571779911	-7.8145841508428999
-44.996650016836718	-7.8200915417798358
-44.983932025754477	-7.8258408097296464
-44.970528247123468	-7.8316102867065922
-44.956525235107897	-7.8373261455285617
-44.9434666428185	-7.8423600721114548
-44.929281483089262	-7.8475346295001023
-44.916467211153893	-7.851926813096691
-44.904611331619691	-7.8557591622763576
-44.892102655520894	-7.8595804578926334
-44.87858812190634	-7.8634597156588404
-44.864984381786876	-7.8670975003711918
-44.85042570701183	-7.870707161231504
-44.836542254953144	-7.8738641290159199
-44.823249875910321	-7.8766296566153065
-44.809536160784816	-7.8792318632729028
-44.795942533118243	-7.8815572362961044
-44.780829297900368	-7.883865211675074
-44.766239060090896	-7.8857981958769745
-44.751736992042559	-7.8874385645435687
-44.738013421548217	-7.8887283785840125
-44.725088821977423	-7.8897104248074106
-44.711774398285499	-7.8904972901344932
-44.698247562466406	-7.8910621719004785
-44.685265828485036	-7.8913761446775341
-44.671874724744228	-7.8914744823925833
-44.657076537033937	-7.8913261904612595
-44.642119498851415	-7.8908891770946363
-44.626895132808762	-7.8901485087450673
-44.611558635215758	-7.8890982256509803
-44.595252917164281	-7.8876545386028969
-44.581027023218006	-7.886090059448871
-44.567590270182748	-7.8843594564105839
-44.55442924590627	-7.8824287789012581
-44.540923650147718	-7.8802089713732606
-44.527646783570333	-7.8777840355334225
-44.515069048276288	-7.8752585834722959
-44.501378654993474	-7.8722719953434526
-44.487818457584531	-7.8690546523682574
-44.474167493874177	-7.8655540509410038
-44.461341271628449	-7.8620139504952862
-44.447098929807247	-7.8578172615948327
-44.43293849024338	-7.8533466868192843
-44.417816111412868	-7.8482502270378092
-44.404209029081841	-7.8433486603548994
-44.392382551772229	-7.8388362069250279
-44.379943705848696	-7.8338547234299476
-44.367910211847125	-7.8287912473709733
-44.355380154115835	-7.8232673429531205
-44.341575788930164	-7.8168865717381513
-44.328399519978021	-7.8104778463203202
-44.315809490958038	-7.8040556838636919
-44.303691815898887	-7.7975919447076247
-44.28988505648028	-7.7899083341720772
-44.276978867050346	-7.7823755418606293
-44.263863174718367	-7.7743758191988439
-44.252603223248258	-7.7671964068304264
-44.241379268790723	-7.7597635081249381
-44.229868414502356	-7.7518481591641315
-44.21908885658128	-7.7441444342761221
-44.208013246466955	-7.7359380722007778
-44.197352332446371	-7.7277398214205402
-44.185646465285764	-7.718408709007516
-44.174703296360029	-7.7093326772943112
-44.164825389536418	-7.700827990032459
-44.154940752926038	-7.6920222780755765
-44.144259849950217	-7.6821732353110717
-44.133932966156429	-7.6722842654260974
-44.122963322449841	-7.6613828358591443
-44.113568132316217	-7.6516639355584921
-44.104625706062954	-7.6420829073975192
-44.095413313322901	-7.6318701020226856
-44.08629821654727	-7.621395471412586
-44.078031659281393	-7.6115432284797677
-44.069416529329864	-7.6009207305025681
-44.060229806845648	-7.589173628483584
-44.051322978913205	-7.577319029368411
-44.044025740322617	-7.5672076291194408
-44.036235180368429	-7.5560363832916844
-44.028030117010388	-7.5438163694883373
-44.019835378129088	-7.5310936317140529
-44.012367894664138	-7.518984486467267
-44.005351606053182	-7.5071226857666176
-43.99887528550164	-7.4957132936389783
-43.992787075265667	-7.4845494640705663
-43.986820012750378	-7.4731651606066398
-43.981057715709298	-7.4617112442949507
-43.975006047719944	-7.4491669315033686
-43.968826578094721	-7.4357435375401915
-43.963027319333264	-7.4224829116083857
-43.957610063134887	-7.4094340808026589
-43.952001545403959	-7.3951933019245635
-43.946214338867115	-7.3795979767305067
-43.941113367654552	-7.3648866589694508
-43.936722115101276	-7.3513449134262503
-43.932818506944862	-7.3385038560431539
-43.929292329592194	-7.3261348432350628
-43.926033291961062	-7.3139347689727678
-43.923082127884641	-7.3021142791236437
-43.919891576486997	-7.2884178399405242
-43.917014810236928	-7.2749625749688889
-43.914006038233175	-7.2595499400617136
-43.91170315790098	-7.2463269638094134
-43.909702530442935	-7.2335252754201758
-43.907884565930935	-7.2204568111831753
-43.906170653570577	-7.20637500102925
-43.904675490689463	-7.1918707316456159
-43.903411188843663	-7.1768216242593477
-43.902436084778252	-7.1616617313296977
-43.901847590078567	-7.1484563141396293
-43.901492831220509	-7.1355099875742027
-43.901344564802578	-7.1215261663557561
-43.901448448939632	-7.1077318176102002
-43.901838078775612	-7.0924060306722039
-43.902495496871154	-7.0779022086359644
-43.903343126240799	-7.0647012930235338
-43.904478909118488	-7.0507573444228013
-43.905916925102304	-7.0363401464778574
-43.907883315502033	-7.0197817153077944
-43.910043026586166	-7.0044363979389406
-43.912310512005199	-6.9903782368491374
-43.9147711269637	-6.9767306216807432
-43.917346600741091	-6.9637836437429286
-43.920068064632886	-6.95122967469249
-43.923156818583649	-6.9380459212260748
-43.926491428045722	-6.9248596305709507
-43.930330839623679	-6.9107303624293683
-43.935044365385963	-6.8946008389856734
-43.939409551335871	-6.8807884806397572
-43.944297663866493	-6.8662759216988576
-43.949363497024031	-6.8521681228588598
-43.955012032530909	-6.837349566221687
-43.960440968747136	-6.8239421396318063
-43.965893796516575	-6.8111696813980531
-43.971373046566214	-6.7989495121485133
-43.976617951997191	-6.787775866115096
-43.98230772552462	-6.7761422568931016
-43.988695699149162	-6.7636183859703136
-43.99525213008144	-6.7513232528883957
-44.003062819550529	-6.7372926035624277
-44.010335193772043	-6.7248460050913481
-44.017023327563898	-6.7138753560030953
-44.024659956369348	-6.701805974504377
-44.032544289977601	-6.6898413661523657
-44.040622601537486	-6.6780645796374092
-44.049244392235558	-6.6659813965494346
-44.057615276694335	-6.654714929796131
-44.06746454343957	-6.6419506583869392
-44.076240570943732	-6.6310559602877479
-44.085916463449038	-6.6194803919082057
-44.094883229230405	-6.6091699363754728
-44.10491406946467	-6.5980404526675951
-44.114223480162458	-6.5881064500134787
-44.122839715308615	-6.5792314463676709
-44.132082194661081	-6.57001196702213
-44.143872715653885	-6.5586423807206113
-44.154573896176821	-6.5487531157006673
-44.165712088982858	-6.5388434999802918
-44.176466420823729	-6.5296416008626688
-44.187059901451292	-6.5209089188928395
-44.19767957522901	-6.5124675963293921
-44.208273577823917	-6.5043466079941865
-44.217709166762887	-6.4973695300428185
-44.228619568841061	-6.4895558610710591
-44.240390947876357	-6.48143169185097
-44.253154035013871	-6.4729681493451299
-44.26592957072215	-6.4648568940325362
-44.277332502615359	-6.4579272325524766
-44.290858919551646	-6.4500242673371719
-44.304739225974402	-6.4422883535826081
-44.317694594768113	-6.4354138637780256
-44.331152781397094	-6.428597323362033
-44.344208407590891	-6.4223024712178249
-44.35652422750524	-6.4166470583525594
-44.36825304056358	-6.4115087900668772
-44.381401870348711	-6.4060067884244596
-44.395929583646812	-6.4002409309003525
-44.409550362197734	-6.3951520482210356
-44.422278067196295	-6.3906684076752223
-44.436432154116446	-6.3859590059424347
-44.449641456552271	-6.3818459566502419
-44.463226536931565	-6.3778817721808148
-44.477189485128982	-6.3740839067552866
-44.491395371439999	-6.3705048040738053
-44.504755500968962	-6.3674074256935898
-44.519903645966806	-6.3641782380311831
-44.533867779434452	-6.3614934274608315
-44.547763236273255	-6.3590865900243232
-44.563271281441608	-6.3566916301722038
-44.577683176610961	-6.3547652831709298
-44.592169820768532	-6.3531062799254876
-44.60552980859719	-6.3518316859819315
-44.619955245604807	-6.3507083637205222
-44.633700148915146	-6.3498971233431671
-44.647776673891208	-6.3493182593534687
-44.662941266991126	-6.3489719643918265
-44.676528981752831	-6.3489289788819452
-44.691059779978389	-6.3491390362606053
-44.704837561202218	-6.3495979823256441
-44.719021713753136	-6.350324463649434
-44.732545273199825	-6.3512670772356419
-44.746516429837868	-6.3524879928517128
-44.761655944039937	-6.3540888913074465
-44.777025893249615	-6.35602163442028
-44.790782402288997	-6.3580329263040323
-44.804648978426826	-6.3603163290724716
-44.818914424300154	-6.3629332432721233
-44.83342392442411	-6.365877984232764
-44.847455628481747	-6.3690073523610282
-44.861501121440376	-6.3724158220073139
-44.875986212476661	-6.3762197637300106
-44.889080850095347	-6.3799318049976268
-44.901619235851001	-6.3837264495024968
-44.914296921232243	-6.3877995576508386
-44.928107396403938	-6.3925011701526309
-44.943194232386872	-6.3979578747996726
-44.956354603876605	-6.4030297781168626
-44.968018467149541	-6.4077716931448991
-44.981898658224694	-6.4136805006386384
-44.994249154416323	-6.4192259124570423
-45.006663921201735	-6.4250641602277385
-45.018481151781572	-6.4308803021053471
-45.031871174055254	-6.437757037883677
-45.046289844760757	-6.4455213555488742
-45.059198040835675	-6.4528300170498598
-45.071940264979837	-6.4603719641284449
-45.084405127411443	-6.4680766569894068
-45.096811101196842	-6.4760746475569144
-45.109300030392845	-6.4844687640260403
-45.120682741907103	-6.4924461176136825
-45.132926062233075	-6.5013599025901927
-45.143652362807437	-6.5094962143634589
-45.154913715886678	-6.518352271732752
-45.165970369303317	-6.5273847345139542
-45.177758412666428	-6.5373841782047926
-45.18832069905546	-6.5467142350901444
-45.199420784092659	-6.5568864256621113
-45.208771966863196	-6.565797942914168
-45.218996342536194	-6.5758737081302456
-45.227935276772214	-6.5850168429524292
-45.237672216537895	-6.595312278256058
-45.247940550856477	-6.6065771611547959
-45.257774674921279	-6.6178035286662826
-45.266327205852036	-6.6279567196160531
-45.274233967368723	-6.6376780713827515
-45.282172786773515	-6.6477694527464086
-45.291025794924089	-6.6594168189282748
-45.299023975217843	-6.6703645448074012
-45.307623209200557	-6.6825801483146234
-45.31601139224437	-6.6950002465108573
-45.323685793636322	-6.7068537480794994
-45.330626428566873	-6.7180167380043754
-45.338210760683666	-6.7306917950667584
-45.345859768510913	-6.7440490491771259
-45.352210217406878	-6.7556705215556647
-45.357687092374505	-6.7661156628199715
-45.363102791171578	-6.7768397518760333
-45.369578338031538	-6.7901748015752688
-45.375440517904636	-6.8028616928801959
-45.380870523077661	-6.815195453431965
-45.386205807637012	-6.8279120779924387
-45.391223247998084	-6.8404972927653542
-45.396723811815598	-6.8550314767642293
-45.401756619710078	-6.8691847984166658
-45.406155489375408	-6.8823629684595016
-45.410365313083624	-6.89577449979316
-45.414933945472427	-6.9113148564216029
-45.418847185744092	-6.9257387067578025
-45.42205968515394	-6.9385577043558717
-45.425108620286466	-6.9516731635677873
-45.427560014246126	-6.9631208822053559
-45.429922615467845	-6.9750344272878637
-45.432479854323134	-6.9890856561262851
-45.434979040542139	-7.0044252453816407
-45.436981747244893	-7.0184989174090635
-45.438625702164792	-7.0318056539775791
-45.440108986421968	-7.045808352497545
-45.4413243323119	-7.0596981705505906
-45.442267757641048	-7.0733101550471611
-45.443088758812287	-7.0892361246284246
-45.44352562030695	-7.1034026921346651
-45.44368447950793	-7.1161618421562221
-45.443633603736252	-7.1285843672272975
-45.443398089000098	-7.1402400908974277
-45.442893604104434	-7.1545175695455017
-45.442098269252064	-7.1692743834969495
-45.440930841055405	-7.1852367823260064
-45.439568205483077	-7.199727551371625
-45.438102803159268	-7.2126830994829101
-45.436282470594115	-7.2266569961497202
-45.434158750692326	-7.2409201611054028
-45.431774799240721	-7.255104968287978
-45.428965340802662	-7.2701044518338671
-45.426146816705334	-7.283663914218355
-45.423405527398991	-7.2957576721236617
-45.420061669176974	-7.3094823521201748
-45.416790607486227	-7.3219136379138883
-45.412955282261187	-7.3355608656925764
-45.408995068646945	-7.3487189713524721
-45.404423850111101	-7.3629813153439603
-45.399623694364308	-7.3770143438058966
-45.394720583273717	-7.3904960110536129
-45.389585102307173	-7.4038385716268555
-45.384063676887457	-7.4174269550655598
-45.378099073828373	-7.4313412294768453
-45.371968184285542	-7.4449019971897616
-45.366579039151958	-7.456234355079002
-45.361062353791453	-7.4673642937227074
-45.355780440195254	-7.4776027558467684
-45.34917791739894	-7.4899450384232535
-45.342163214838955	-7.5025043393748287
-45.333925041171831	-7.5166287291692822
-45.325830601408974	-7.5298542149911922
-45.318545795669039	-7.5412363936646019
-45.310380417982934	-7.5535151278545634
-45.301843914505689	-7.5658344557062449
-45.293179954507295	-7.5778327771393661
-45.284429943834596	-7.5894729612952796
-45.275352691648941	-7.6010853362022397
-45.267301208616509	-7.6109893929886185
-45.259319422438921	-7.6204823260382932
-45.250844964922152	-7.6302382954764827
-45.241978671420981	-7.6401064022073397
-45.232008162645158	-7.6508267044129434
-45.221403812264832	-7.6618031215743283
-45.210578697456157	-7.6725731537780764
-45.199966722295045	-7.6827210551083622
-45.189575777798844	-7.6922855816169813
-45.179612489555844	-7.7011249825244015
-45.168133907984668	-7.7109597828275485
-45.157645414376738	-7.7195956443588321
-45.148127060589438	-7.7271553640314057
-45.137450761823423	-7.7353637117059755
-45.126768361679645	-7.743283853848558
-45.115513836123078	-7.751331208764408
-45.105022196246296	-7.7585521981688128
-45.092618536259259	-7.7667906458335327
-45.079966346326366	-7.7748465316705362
-45.066442094150148	-7.7830924894827076
-45.054585663771135	-7.7899915910429733
-45.04358630410578	-7.7961327421668658
-45.030958865581155	-7.8029147406716737
-45.018178194646552	-7.8094759751369685
-45.00452314821986	-7.8161676888468596
-44.990786956274526	-7.8225664523569156
-44.979573693771286	-7.8275242152874451
-44.968503959385224	-7.8322095899766468
-44.957065035623984	-7.8368423576455815
-44.944135195512438	-7.8418396292372501
-44.929250108182345	-7.8472871659347421
-44.915214577266411	-7.8520990816311071
-44.901804205703186	-7.8564101964359496
-44.888466901175121	-7.8604305803690764
-44.873627956827903	-7.8646127877761263
-44.859165771845873	-7.8683784462752318
-44.844957148491119	-7.8717855263391376
-44.830694152950834	-7.8749211408588575
-44.816727024159277	-7.8777155679535289
-44.803648892323643	-7.8800818152568413
-44.790285237795203	-7.8822626030134062
-44.777499192323539	-7.8841193022061038
-44.764348478990897	-7.8858045230404494
-44.749338375104777	-7.8874662893487546
-44.73410189452548	-7.8888517194680201
-44.718428082767282	-7.8899639336894589
-44.704425488658643	-7.8906712002791082
-44.690242341861065	-7.8911292940617059
-44.677263059801199	-7.8913095504650927
-44.662923197639223	-7.8912673331342464
-44.648046148493904	-7.8909468638094493
-44.633336578852649	-7.8903458997118427
-44.620619399142868	-7.889582952220537
-44.607468815927326	-7.8885757464279189
-44.593375711878167	-7.8872535827308825
-44.579446891312031	-7.8856884577057045
-44.563123693830036	-7.8835532279872123
-44.549638790058602	-7.881495639152206
-44.537023101969289	-7.8793417019127663
-44.523314336388282	-7.8767663257087284
-44.508918464351098	-7.8737913604402818
-44.49491199530717	-7.87061735656577
-44.479987308863087	-7.8669418049311695
-44.465856539543836	-7.8631615496346434
-44.452867806701612	-7.8594214457383886
-44.440742109417535	-7.8556985245565194
-44.428459535193809	-7.85170523996704
-44.41480343032508	-7.8470111192610199
-44.400681267070901	-7.8418591791662973
-44.38547985137722	-7.8359753273379296
-44.37156740066159	-7.8302494369080309
-44.357959890626084	-7.8243360834804419
-44.34480916879545	-7.8183178879432464
-44.331432082821316	-7.8118900477195625
-44.318048556807099	-7.8051390969419048
-44.304935364344338	-7.7982015768369273
-44.293364121476245	-7.7917919730344698
-44.282822967338156	-7.785714395219725
-44.272525088592232	-7.7795585937215268
-44.261338785145028	-7.7726332755125087
-44.248964690852276	-7.764677463379976
-44.235395457532164	-7.7555828328748708
-44.223099460855572	-7.7469586467996585
-44.211681189158469	-7.7386136935986025
-44.199804479332926	-7.7295949903137329
-44.187559039358234	-7.7199173524722058
-44.176835373071803	-7.7110840247301553
-44.165898933694621	-7.7017397158985235
-44.154902555642799	-7.6919835684238
-44.145553454517056	-7.6833649103387609
-44.137050309972054	-7.6752627448664725
-44.127245733275458	-7.6656314174502027
-44.116901183582527	-7.6551009243462627
-44.106765445217391	-7.6443800542513909
-44.096144633200467	-7.6327066678753974
-44.086850289705247	-7.6220615272203442
-44.0779304373062	-7.6114593086845925
-44.070164955190364	-7.6018851923210198
-44.06189258728773	-7.5913461807115388
-44.053153364708088	-7.5798051030355849
-44.044384885010317	-7.5677622088371992
-44.036331544682128	-7.5562402239231554
-44.029165110692112	-7.5455784298947499
-44.022217926964913	-7.5348614816470096
-44.014866517485075	-7.5230986818186336
-44.00747016139406	-7.5107762577115862
-44.000048357945566	-7.4978724532305003
-43.99268034150996	-7.4844701086851435
-43.986073339936979	-7.4718662897219117
-43.979975425595399	-7.4596925340102986
-43.973676588520917	-7.4465429343042366
-43.967002602365056	-7.4319062271048404
-43.961806748690734	-7.4198512862151524
-43.956787778915412	-7.4076389782946057
-43.952024149902613	-7.3954589750004205
-43.947378086278611	-7.382958717086245
-43.943264812529193	-7.3712772841221428
-43.939632706347943	-7.3604082885765196
-43.935283366655376	-7.3467196276089171
-43.931352695855892	-7.3335005081667424
-43.927086997129265	-7.3181554404122355
-43.923550117971047	-7.3043320218627406
-43.920447012657732	-7.291196592710615
-43.917310676769766	-7.2767989017315404
-43.914594136487878	-7.2630723040833454
-43.912008661888883	-7.2486375406684038
-43.909895953690118	-7.2353962063035837
-43.908013795931367	-7.2221202995238549
-43.906487882520516	-7.2098223342480772
-43.905098885982774	-7.196936655287975
-43.903834410663791	-7.183014202077354
-43.9026997214754	-7.1673793732865647
-43.901965764585256	-7.153310413003906
-43.901505276423784	-7.1397134309369097
-43.901291925469728	-7.126555667138744
-43.901303308170647	-7.1131610689063196
-43.901552649532789	-7.0994759410451094
-43.902012222653177	-7.0867033138801041
-43.902694631200674	-7.0737263804240422
-43.903686766876945	-7.0594508820668631
-43.904951354080403	-7.0451082743914339
-43.906417946461282	-7.0314040772730131
-43.907998095821341	-7.018776011322351
-43.910162203033444	-7.0035279133074919
-43.912462229819013	-6.9893615904946387
-43.915433489881593	-6.9729926945985659
-43.918385589510997	-6.9585139527948581
-43.921141699749761	-6.9462060055814199
-43.924368458351601	-6.9328263123388876
-43.927889890789174	-6.9192894271981187
-43.931845180844363	-6.9051428833075992
-43.936203552448468	-6.8906266880132545
-43.94034896709271	-6.8777445673239272
-43.944714007075341	-6.8649540699407483
-43.948938289341193	-6.8532510547510261
-43.953969695305908	-6.8399860801462244
-43.958955676543191	-6.8275364585818812
-43.964796835393287	-6.8136558573457995
-43.971173498050504	-6.7992937713219419
-43.977104204124217	-6.7866378482601535
-43.983467848272738	-6.7736747689639136
-43.989555535362342	-6.7618393250068287
-43.99694947030013	-6.7480544833472331
-44.00458585448289	-6.7344857086612802
-44.012305144011052	-6.7213951451673637
-44.019083470893875	-6.7104012992970938
-44.0256692088035	-6.7001096824108162
-44.032989706586925	-6.6890594393629792
-44.041409674146493	-6.6768120600100556
-44.050460859043852	-6.6641752580506886
-44.05914593505662	-6.6525517899840603
-44.068320955765621	-6.6407426394975202
-44.077024817471631	-6.6299774209960587
-44.085902435483639	-6.6193917130099305
-44.09422176785516	-6.6098251243306718
-44.10419379839918	-6.5987317258585225
-44.114007828764692	-6.5882299276673661
-44.124266547473994	-6.5776544363618736
-44.13413023926995	-6.5678674052703769
-44.143326441048949	-6.5590657507330503
-44.153989043298218	-6.5491926028204235
-44.165871299920454	-6.5385988754516422
-44.177700431821755	-6.5284829058796623
-44.187943821646527	-6.5200749160607412
-44.199170669491409	-6.5111781156736921
-44.210158944894772	-6.5027978574025909
-44.221008013238944	-6.494827125056525
-44.23209860343114	-6.4869732977839503
-44.244237051352442	-6.4786946597685784
-44.256175869173781	-6.4708811865562881
-44.267517844690715	-6.4637544854076756
-44.278798923005937	-6.4569364244804976
-44.291205833763144	-6.4497245120701052
-44.302798461259883	-6.4432714726483766
-44.316049605743864	-6.436191018632428
-44.329770071499603	-6.4291998975378295
-44.343478983515595	-6.4225560287102201
-44.355690071368358	-6.4169331376985079
-44.368710156105365	-6.4112106441855961
-44.381368779005065	-6.4059233421282071
-44.396000720320231	-6.4001152744091501
-44.410269215103433	-6.3947859583497131
-44.422904844515251	-6.3903488367554644
-44.43533902888781	-6.3862235505790261
-44.447723382777795	-6.3823470378727265
-44.461472011080787	-6.3782961840580699
-44.474569634737762	-6.3747002776620851
-44.490553320258975	-6.3706133007528907
-44.504547611885883	-6.3673522568863392
-44.518295467746675	-6.3644175592116046
-44.532869450227508	-6.3615832214095365
-44.546077009135139	-6.3592775529841346
-44.560295608018052	-6.3570493568847359
-44.574579899615614	-6.3550832139494871
-44.588885884324817	-6.3533859536321993
-44.602396307955644	-6.3520384678797006
-44.615973290627196	-6.3509253480777419
-44.629027258847145	-6.350086926567581
-44.643913569537432	-6.3493840990807326
-44.657836097928872	-6.3489961980065406
-44.672494108835934	-6.3488526242478498
-44.687693295777805	-6.3489926519730879
-44.701139064014747	-6.3493816307523625
-44.715304263796753	-6.3500388441946107
-44.727535430395449	-6.3508319222024348
-44.741688945309065	-6.3519757835335344
-44.756693294487512	-6.3534669172532583
-44.771761246546447	-6.3552624947867109
-44.785485716109683	-6.3571725328938387
-44.798270536092204	-6.3591865697535317
-44.812599024101075	-6.3616908880820615
-44.828148597219254	-6.3647118955431772
-44.843160837444238	-6.367949815376492
-44.856556272376125	-6.3711194103345257
-44.868139238464487	-6.3740794091848789
-44.881255977080492	-6.377648848567822
-44.894052631050059	-6.3813746374698823
-44.906849886455738	-6.385341745058482
-44.92084006852069	-6.3899465265839108
-44.933979101724198	-6.394551060379345
-44.947902664225346	-6.3997145836536333
-44.959996226068881	-6.404466285822183
-44.971416369040604	-6.4091770063876456
-44.983251705285511	-6.4142823237172699
-44.996429224047134	-6.4202297475517618
-45.010767853486996	-6.4270275651582747
-45.02400685200039	-6.4336410197280678
-45.036532910017804	-6.4402016175542327
-45.049134249689651	-6.447098955225937
-45.061008002465442	-6.4538884761551536
-45.073687213826823	-6.4614400496307329
-45.085919163417273	-6.4690460272176864
-45.097704117894637	-6.4766828880865042
-45.110477704508796	-6.4852946452994606
-45.120874261924413	-6.4926100792599639
-45.131486911917172	-6.5003422017194712
-45.142896494630683	-6.5089560886385041
-45.153938943942819	-6.5176187643791907
-45.165206927185963	-6.526794459075032
-45.1766461721041	-6.5364737091926761
-45.186538940395074	-6.545179808972942
-45.196865695239126	-6.5545857692077183
-45.206202146491762	-6.563404343162488
-45.216171849759952	-6.5731402280672642
-45.226327352515639	-6.5834225214985524
-45.236542434015014	-6.5941603345856983
-45.246366343384167	-6.6048925900641295
-45.255109855128779	-6.6148140286798656
-45.264720828877756	-6.6261043139664366
-45.274870108140341	-6.6385021459954201
-45.284242211789895	-6.6504485764507191
-45.292889193046413	-6.661929130049991
-45.300855421808684	-6.6729264715803787
-45.308865389608179	-6.6844042721302666
-45.315490412228456	-6.6942744850925582
-45.323044891058366	-6.7059131843812727
-45.330285752373818	-6.7175207824396255
-45.338025710899387	-6.7304330099794321
-45.345595926271301	-6.743639987068093
-45.352085400712994	-6.7554980093518324
-45.357921923828471	-6.7666215196569883
-45.363684044934892	-6.7780519566348643
-45.369986537657454	-6.7910882248525111
-45.376100745635277	-6.8043655367692626
-45.382152588355474	-6.8181912576581531
-45.387471150500929	-6.8310194403667364
-45.392564851618872	-6.8439590389553731
-45.397513727652715	-6.8572278241383504
-45.402323966383676	-6.8708857385110749
-45.407126553484773	-6.8853851767041503
-45.411479192425588	-6.8994537133420994
-45.41522839594753	-6.9124453596609534
-45.418740915345431	-6.9254698273632194
-45.422023918538294	-6.9385490652120367
-45.424920679717033	-6.9510081895611613
-45.427413864588097	-6.9625998592519656
-45.430143896397901	-6.9763151180898495
-45.432987800181159	-6.9920913336877044
-45.435409839868441	-7.0073356985369744
-45.437409703821501	-7.0217831196305385
-45.439113330364663	-7.0360755953771905
-45.440447962089145	-7.0493808498899551
-45.441646399665068	-7.0638505343340343
-45.442610794295518	-7.0789437610916002
-45.443239760160523	-7.0931649335708276
-45.443583814955133	-7.1065281266053715
-45.443710330849839	-7.1215754208507596
-45.443551995357609	-7.1358341224875508
-45.443093546450889	-7.1513210564772276
-45.442360172773739	-7.1660698085854371
-45.441479870348637	-7.1788389206791061
-45.440415768938955	-7.1912648117104068
-45.439077509127891	-7.2043915197852586
-45.43750616013525	-7.2175664583386618
-45.435773231095943	-7.2302382663268707
-45.433349423089986	-7.2460091723445039
-45.430882839607605	-7.2601089914884014
-45.428033957091174	-7.2747841280865586
-45.425362669078389	-7.287247993270392
-45.422569978333698	-7.2993024392159391
-45.419141217951193	-7.3130923270208008
-45.415674328243639	-7.326014041679616
-45.411475802329988	-7.3406438386047332
-45.407041701017164	-7.355018343559661
-45.402818239398989	-7.3678181409901775
-45.398092799664575	-7.3813403626277383
-45.393141387724327	-7.3947067547788139
-45.387594349166548	-7.4088716945170523
-45.38082477917947	-7.4252022720113038
-45.376601188939674	-7.4347653264451123
-45.371317277649112	-7.446303380094828
-45.365842134208918	-7.4577573174665099
-45.360637391732141	-7.4682002412804334
-45.35408504055777	-7.4808634664983833
-45.347530828114593	-7.4929762693373663
-45.340068667922317	-7.5061973893492633
-45.333138677204033	-7.517929946006924
-45.325779862911524	-7.5299003632687525
-45.317920348340614	-7.5421781198489866
-45.310730111575019	-7.5529561383426387
-45.301986175757669	-7.5655978321090842
-45.294165990264446	-7.5764357750230795
-45.285079409887047	-7.5885796420394813
-45.276480222016367	-7.5996129625228788
-45.269048337791034	-7.6087999129016799
-45.260511751559719	-7.6190278999815346
-45.250541766230803	-7.6305622992330999
-45.239873231175096	-7.6424226378475444
-45.228992461051519	-7.6540269351303447
-45.220015053017768	-7.663213979716919
-45.209865995570155	-7.6732597400809288
-45.200261600278857	-7.6824206071556684
-45.190284686665976	-7.6916141399023941
-45.18017730272485	-7.7006043294091135
-45.169585280018438	-7.7096979027034926
-45.157700128664516	-7.719533637014198
-45.147772884271326	-7.7274198998959989
-45.137706814673443	-7.7351499893703259
-45.127110494687017	-7.7430134953464034
-45.115562360400844	-7.7512807563961612
-45.10305915945947	-7.7598879812175348
-45.09068461068852	-7.7680524133583093
-45.077988600792089	-7.776082987635065
-45.067043731444258	-7.7827110208954551
-45.055765426987541	-7.7892877566774219
-45.043441207235084	-7.7961975276654254
-45.031109415958831	-7.8028175880698596
-45.018035538977642	-7.8095332909667086
-45.005127308781027	-7.8158559680557236
-44.992937193211567	-7.8215477161068376
-44.980968153813663	-7.8268839588322701
-44.96939184732269	-7.8318110510981471
-44.956514151772723	-7.8370455931351071
-44.943607411694749	-7.8420228072759226
-44.928732880601707	-7.84745445541341
-44.914199859726224	-7.8524256737177307
-44.900588720037398	-7.8567807591822314
-44.888375333183731	-7.8604405683646021
-44.874873916780302	-7.8642442696558961
-44.861876369776304	-7.8676521278085909
-44.847767464822788	-7.8710898274069931
-44.833430985564661	-7.874298274500144
-44.819616134827811	-7.8771147812220059
-44.806081193075862	-7.8796174265381493
-44.792074894794659	-7.8819495257549637
-44.776631638307158	-7.8842295318004254
-44.760435526948974	-7.8862866607744513
-44.746254708661723	-7.8877835508186438
-44.732581341407162	-7.8889717116539888
-44.720738265615431	-7.8897887782320755
-44.707533334447035	-7.8904957730949858
-44.693715169036459	-7.8909981809012075
-44.679319142189605	-7.8912632903765738
-44.66650584779655	-7.8912600057868829
-44.652041593786244	-7.8910159611822621
-44.637424559679054	-7.8904949599210301
-44.624038412519205	-7.8897634362549782
-44.60976857956642	-7.8887345661526771
-44.596028720374264	-7.8874873224583713
-44.580362903143325	-7.8857822040182795
-44.564341584623705	-7.8837063652797443
-44.550082656573558	-7.8815542983484939
-44.537635539327141	-7.8794369421899066
-44.523196921206228	-7.8767368945429315
-44.509485206882296	-7.8739014898963475
-44.495270451429839	-7.8706919089564922
-44.481974039472369	-7.8674244683540699
-44.468953871332559	-7.8639786966796876
-44.45597349936611	-7.8602997427609713
-44.443342948511365	-7.8564800155468815
-44.430431056694538	-7.852332801315133
-44.417205207206813	-7.8478266978057105
-44.401951159628474	-7.8423191870720252
-44.387818644982929	-7.8368780567290175
-44.376031718542841	-7.8320721798131405
-44.363253625772785	-7.8266145218916909
-44.350488177913881	-7.8208881796472793
-44.338792650456483	-7.8153847969465104
-44.326646305326065	-7.8094186315472607
-44.314304775023864	-7.8030854249146175
-44.301247488437248	-7.7960854197965608
-44.289374910244014	-7.7894238202823347
-44.278952075029189	-7.7833313033490459
-44.265756298042803	-7.7753381698928408
-44.251687311558058	-7.7664266242397479
-44.239048305269741	-7.7580330552943391
-44.227768505036522	-7.750218084657047
-44.217262766692357	-7.7426592627077957
-44.206875049414521	-7.7349175304911642
-44.196382080157925	-7.7268196842437415
-44.185797298990771	-7.718356796384918
-44.174148904892945	-7.7087031616355191
-44.162907882862321	-7.6990089773432393
-44.152089521148625	-7.6893100356165967
-44.1419929822559	-7.6799091881098116
-44.133499969141241	-7.6717129123812189
-44.1231295377059	-7.6613936663020139
-44.11345864633148	-7.6513983354296391
-44.103360097589544	-7.6405771499601096
-44.093724793416534	-7.629846710964892
-44.083940628714082	-7.6185318503058053
-44.075684252896721	-7.6086008530501141
-44.06712315154148	-7.5979452968018641
-44.058397203991575	-7.586681392953901
-44.049566974180955	-7.5748372171501943
-44.040737354081948	-7.5625078633039617
-44.032932772576977	-7.5511442947726168
-44.026060406404461	-7.5407444898530125
-44.019751939280013	-7.5308541140106628
-44.012280078634618	-7.5187371302854
-44.004870429732307	-7.5062091980089622
-43.997406641239515	-7.4930282002950097
-43.990295086269455	-7.4798731984851408
-43.984461870085411	-7.4685640634278885
-43.978488336860394	-7.4564983155546321
-43.972449346461822	-7.4437451754280346
-43.967334981664962	-7.4324131703842609
-43.961756871240212	-7.4195025057279755
-43.956297012429125	-7.4062046165772202
-43.950929621219885	-7.3924053545300472
-43.946270013629473	-7.3797095725965676
-43.941163987234603	-7.3650052902340928
-43.93634875770892	-7.3501794006796599
-43.931737650604902	-7.334940271005447
-43.928057747476757	-7.3218064574377433
-43.92481462197798	-7.3093903635984105
-43.921781763328511	-7.2969352949708837
-43.918857591673152	-7.2839945380903801
-43.916140667387054	-7.2709294667203004
-43.913619670941074	-7.2576586009095276
-43.911117927439058	-7.2431030571370636
-43.909045127313036	-7.2294861090086258
-43.907251492211273	-7.2161003820049467
-43.905673022393401	-7.2025174624282204
-43.904183469823316	-7.1873604421552386
-43.903033369042767	-7.1726855675246872
-43.902108853120524	-7.1570673608978481
-43.90156399627211	-7.1430458208995988
-43.901278109630873	-7.1291995877635719
-43.90124239899869	-7.11590858563968
-43.901439801389955	-7.1023395441386628
-43.901888589481189	-7.0883821551078334
-43.902639217032196	-7.0734569387039015
-43.903592979680731	-7.0597809929909934
-43.904765988671336	-7.0463945462027935
-43.906190640008987	-7.0328539106481216
-43.907987408634952	-7.0182576497014226
-43.909945721360401	-7.0045154683532607
-43.912208120715135	-6.9904560737154373
-43.914889069549062	-6.9755551747435538
-43.917692427926731	-6.9615565787783726
-43.920556442532082	-6.9485138956392749
-43.923730470736196	-6.9351669040363824
-43.927217618011973	-6.9215816041584084
-43.93081209279184	-6.908565834094091
-43.934643752857156	-6.8955815775130134
-43.939019578915833	-6.881658428612643
-43.943680996031816	-6.8677522344651498
-43.948070375503526	-6.8554397058605741
-43.953374454899652	-6.8413225316417776
-43.959525058781615	-6.8258765528034191
-43.965738023406772	-6.8112024595163412
-43.97101461534595	-6.7994238720806219
-43.976499211699817	-6.7877103834415902
-43.982399807000171	-6.7756397873401006
-43.988245573680587	-6.764191246583434
-43.994615122097862	-6.7522140983149104
-44.001278399358092	-6.7401992799671238
-44.007721979311391	-6.7290534688298198
-44.015750262697146	-6.7156865560012742
-44.023653009479993	-6.7031118143073218
-44.030826447272943	-6.6921709941010423
-44.039137755415133	-6.679951889573517
-44.047489402603411	-6.6681656023816096
-44.055870466130138	-6.6567953891425811
-44.064813589487457	-6.6451166935357211
-44.073711449194882	-6.6339451248426853
-44.082202378681188	-6.623680420932005
-44.090676165358445	-6.6137893854999561
-44.099965992399177	-6.6033093393586411
-44.109657871132001	-6.5927677228004011
-44.119027642086195	-6.5829487743533948
-44.13009916320371	-6.5717479427992505
-44.140132232673558	-6.5620039423866094
-44.151209561508104	-6.5516294178297905
-44.161263895476097	-6.5425777183636109
-44.171974008248078	-6.5332705283613119
-44.183406678003045	-6.5236988457752485
-44.195139297744127	-6.514255770984847
-44.20572831495948	-6.5060686439937978
-44.216683645414456	-6.4978980984775987
-44.228467539266703	-6.4894303712434169
-44.239474541254495	-6.4818307932930121
-44.251341183255732	-6.4739380434698104
-44.263472825264358	-6.466188509895936
-44.275337983892392	-6.4589174100119804
-44.287349102120366	-6.4518517530234156
-44.299213655878951	-6.4451578776163831
-44.310375808960266	-6.4391176771405467
-44.324313390779274	-6.431869540056093
-44.338758390425291	-6.4247274741235953
-44.351875367212742	-6.4185796576224874
-44.364470493637164	-6.4129624940346117
-44.375901922092972	-6.4081074763995218
-44.388168276552577	-6.4031294628948148
-44.40064234181353	-6.3983148349163486
-44.414117681341075	-6.393380418345707
-44.428096083971646	-6.3885548046460459
-44.442346471205504	-6.3839391339487417
-44.455325801779182	-6.3800119911730961
-44.469285198097992	-6.3760548401833628
-44.482722486668536	-6.3725173959970682
-44.497927617677789	-6.368806143046287
-44.512705397983488	-6.365515448213757
-44.526470100954995	-6.3627327576682511
-44.539223051937995	-6.3603954535531226
-44.55199420515514	-6.3582760665919382
-44.564174465317038	-6.3564342541305878
-44.576869075711997	-6.354662972073589
-44.587482546427537	-6.3532617565010741
-44.590838526711465	-6.3528333749550985
-44.59488201186069	-6.3523180587901695
-44.596221358011618	-6.352147367741102
-44.597072351915472	-6.3520389140436784
-44.597669933867515	-6.3519627560689624
-44.59813777190972	-6.3519031331207332
-44.598519209205101	-6.3518545213917514
-44.598854224420748	-6.3518118258581335
-44.599141654669332	-6.3517751947223884
-44.599393989111739	-6.3517430363213201
-44.599610809430501	-6.3517154039667991
-44.599815024134529	-6.3516893781167667
-44.600001702369646	-6.3516655871768606
-44.600171255594184	-6.3516439787093635
-44.600320449793919	-6.3516249648685799
-44.600467548484858	-6.3516062180869097
-44.600604546588102	-6.3515887585601503
-44.600736989844052	-6.3515718795193701
-44.600852626595206	-6.3515571423594874
-44.600965399133464	-6.3515427702251079
-44.601073877264959	-6.3515289453852386
-44.601178680856869	-6.3515155888417967
-44.601278562386945	-6.3515028595834648
-44.601369953360354	-6.3514912123919487
-44.601461137693029	-6.3514795915354645
-44.601547111962979	-6.3514686346679508
-44.601631984431066	-6.3514578182179946
-44.601705115190754	-6.3514484981732231
-44.601784041715405	-6.3514384394954995
-44.601858779100638	-6.3514289146966405
-44.601925128252006	-6.3514204589242143
-44.601994758777934	-6.3514115849617143
-44.602060150705782	-6.3514032511812664
-44.602125578546023	-6.3513949128240155
-44.602183501136338	-6.351387530962576
-44.602244594763476	-6.3513797449728973
-44.602305535150641	-6.3513719785126668
-44.602361903353497	-6.3513647947479077
-44.602415690672984	-6.3513579399001276
-44.602467736812407	-6.3513513069545429
-44.602520367126765	-6.3513445995596216
-44.602572811852475	-6.3513379158167789
-44.602622324723406	-6.3513316057199631
-44.602670068723206	-6.3513255210543917
-44.602717904671117	-6.351319424670625
-44.602765756284263	-6.3513133262904251
-44.602807413353524	-6.3513080173649854
-44.602850735051661	-6.3513024962933065
-44.602893712830152	-6.3512970190519731
-44.602938031062806	-6.351291370978382
-44.602979337332656	-6.3512861067600701
-44.603018410326335	-6.3512811271584368
-44.603057638610153	-6.3512761277660736
-44.603096652657975	-6.3512711556767103
-44.603133918948672	-6.3512664063277464
-44.603173073302493	-6.3512614163572856
-44.603207649039426	-6.3512570099020875
-44.603242771470313	-6.3512525337742627
-44.603275856223739	-6.3512483173353189
-44.603310765656978	-6.3512438683526735
-44.603346074392	-6.3512393684815844
-44.603379050610187	-6.3512351658747574
-44.60341376862074	-6.3512307412877016
-44.60344425316552	-6.3512268562286183
-44.603474615580645	-6.3512229867341743
-44.603503445547894	-6.3512193125403513
-44.603534024531264	-6.3512154154456777
-44.603564445410662	-6.3512115385003378
-44.603595277562647	-6.3512076091409533
-44.603625265064764	-6.3512037874267593
-44.603654192793527	-6.3512001007738608
-44.603684581792081	-6.3511962278915304
-44.603710661083262	-6.351192904253673
-44.603736731664661	-6.3511895817258219
-44.603762961003603	-6.3511862389653437
-44.603787851429452	-6.3511830668407248
-44.603814062647082	-6.3511797263896907
-44.60384016030725	-6.3511764004108251
-44.603864610868193	-6.3511732843441573
-44.603891123956323	-6.3511699054216706
-44.603917430238603	-6.3511665528552594
-44.603943453267036	-6.3511632363877277
-44.6039682461928	-6.351160076688867
-44.603994343233786	-6.3511567507889115
-44.604016072261366	-6.3511539815641598
-44.604037816080449	-6.3511512104543257
-44.604058530170128	-6.3511485705768793
-44.604080208390613	-6.351145807827165
-44.604101981001527	-6.3511430330479977
-44.604123822203739	-6.3511402495273108
-44.604144430895353	-6.3511376230821686
-44.604166270480818	-6.3511348397675258
-44.604187749291199	-6.351132102431345
-44.604209841983362	-6.3511292868598819
-44.604230634846388	-6.3511266369432784
-44.604252459021168	-6.3511238555926282
-44.604274317594793	-6.351121069858066
-44.604294933475771	-6.351118442496686
-44.604316378024905	-6.3511157095268809
-44.604338430951998	-6.35111289902322
-44.604360189631379	-6.3511101260195364
-44.604377648283226	-6.351107901026694
-44.60439410138806	-6.3511058041843489
-44.604411537749456	-6.3511035820322812
-44.604428942381361	-6.3511013639239335
-44.604446340381166	-6.351099146660804
-44.604463017683905	-6.3510970212458782
-44.604480334419883	-6.3510948143393007
-44.604497732392169	-6.3510925970796777
-44.604515107578663	-6.3510903827239575
-44.604531809290819	-6.3510882541982081
-44.604549138768128	-6.35108604566783
-44.604566495681951	-6.3510838336408444
-44.604583945857925	-6.3510816097281975
-44.604600232720024	-6.3510795340724195
-44.604617751803758	-6.3510773013779218
-44.604635140557157	-6.3510750852931874
-44.604652417032725	-6.3510728835175394
-44.604670216233131	-6.3510706151239749
-44.604686834094665	-6.351068497284448
-44.604704200915357	-6.3510662839948955
-44.604721495608551	-6.3510640798975286
-44.604738000146533	-6.3510619765003593
-44.604755412428737	-6.3510597574170298
-44.604772853578453	-6.3510575346547213
-44.604790264264551	-6.3510553157748051
-44.604802726587458	-6.3510537275319381
-44.604815757523262	-6.3510520668230157
-44.604828835661159	-6.3510504000984902
-44.604841866596963	-6.3510487393895678
-44.604854249190232	-6.3510471613077302
-44.60486726607067	-6.3510455023900745
-44.604880321237019	-6.3510438385931254
-44.60489326868683	-6.3510421885239561
-44.60490618614773	-6.3510405422766807
-44.604918827041921	-6.3510389312760527
-44.604931812426777	-6.3510372763723062
-44.604944815974221	-6.351035619153854
-44.604957879396295	-6.351033954304766
-44.604970884058261	-6.3510322969442754
-44.604983288467274	-6.3510307160821613
-44.604996298082675	-6.3510290580903872
-44.60500931444713	-6.3510273992384896
-44.605022367281236	-6.3510257357387694
-44.60503545567687	-6.3510240677069616
-44.605047620380979	-6.3510225173936954
-44.605060939503424	-6.3510208199572409
-44.605073966682873	-6.3510191597270422
-44.605086510964469	-6.3510175610390682
-44.605099458352363	-6.3510159109777904
-44.605112389724155	-6.3510142629576611
-44.605125649900735	-6.3510125730334765
-44.60513811831224	-6.3510109840146569
-44.605151168050455	-6.3510093209094887
-44.605164086502036	-6.3510076745359569
-44.605177416976098	-6.3510059756528117
-44.60518978749537	-6.3510043991097271
-44.605202799401731	-6.3510027408259848
-44.60521587877799	-6.3510010739436389
-44.605228279719597	-6.3509994935234229
-44.605241351665704	-6.3509978275880012
-44.605254395583628	-6.3509961652245908
-44.605267410895479	-6.3509945065068409
-44.605280439354566	-6.3509928461135603
-44.605292834558448	-6.3509912664245807
-44.605305874080202	-6.350989604621434
-44.605318765618129	-6.3509879616778742
-44.605332111241438	-6.3509862608640537
-44.605340406852974	-6.3509852036417405
-44.605348915407113	-6.3509841192812626
-44.605357644609199	-6.3509830068006234
-44.605366489735395	-6.350981879546203
-44.605374692346217	-6.3509808341762328
-44.605383382540019	-6.3509797266669494
-44.60539204886102	-6.3509786222001008
-44.60540075219518	-6.3509775130161632
-44.605409343279028	-6.3509764181378054
-44.605417798074654	-6.3509753406285041
-44.605426503527781	-6.3509742311745176
-44.605435172958437	-6.3509731263113629
-44.605443905366499	-6.350972013422143
-44.605452171518863	-6.3509709599542115
-44.605460850182169	-6.3509698539144148
-44.605469558689911	-6.3509687440711371
-44.605478270210995	-6.3509676338438288
-44.605486526772964	-6.350966581598132
-44.60549524411433	-6.3509654706290659
-44.605503795171686	-6.3509643808518268
-44.605512613315426	-6.3509632570361463
-44.60552128943322	-6.3509621513207595
-44.605529561997528	-6.3509610970356674
-44.605538280480935	-6.3509599859210555
-44.605546970000518	-6.3509588784976962
-44.605555699037488	-6.3509577660380998
-44.605564000400513	-6.3509567080827969
-44.605572646605069	-6.3509556061796593
-44.605581327235988	-6.3509544998891032
-44.605589912568348	-6.3509534057437351
-44.605598745751266	-6.3509522800114091
-44.605606978261562	-6.350951230830943
-44.605615668703031	-6.3509501232900956
-44.605624349113796	-6.3509490170275962
-44.605633054346768	-6.3509479076016664
-44.605641254040563	-6.3509468626034522
-44.605649960649487	-6.3509457530021658
-44.605658667574886	-6.3509446433605481
-44.605667343775238	-6.3509435376346399
-44.605676052007787	-6.3509424278264328
-44.605684308445916	-6.3509413755965181
-44.605693058796412	-6.35094026042065
-44.605701715912282	-6.3509391571269358
-44.605710412545541	-6.3509380487969835
-44.60571908464555	-6.3509369435936378
-44.605727328287308	-6.3509358929945385
-44.605736044637986	-6.3509347821517288
-44.605744728736312	-6.3509336754192747
-44.605753409835053	-6.350932569069097
-44.605762108958793	-6.3509314604217497
-44.605770447445046	-6.35093039773533
-44.605779138092906	-6.3509292901681791
