4.059308076865792536e+00 -3.052097702315584637e+00
4.072272973215556036e+00 -3.057176249425530568e+00
4.055435833079252816e+00 -2.993665165149616669e+00
4.087246982475213564e+00 -3.058689777263767340e+00
4.074622619595174911e+00 -3.038843475175077469e+00
4.079528416545227465e+00 -3.070300230932646368e+00
4.064732391800121469e+00 -3.045003214152671056e+00
4.071515812238535759e+00 -3.047255883360312279e+00
4.075742726890410061e+00 -3.040366346612080051e+00
4.084583665364593053e+00 -3.040545537643870144e+00
4.040925739991867438e+00 -3.056526962732781794e+00
4.054768970871338141e+00 -3.066552007021460025e+00
4.071005317290388170e+00 -3.072834781595953135e+00
4.087263373448689840e+00 -3.057033298585863701e+00
4.049743935678045581e+00 -3.085218917868663091e+00
4.072653051026131621e+00 -3.055961883280593927e+00
4.086180168643910093e+00 -3.056805594353490640e+00
4.078625554190627334e+00 -3.040610684236453753e+00
4.048695475532594124e+00 -3.056207522347878847e+00
4.102782575676037879e+00 -2.989886717530271021e+00
4.058904175212298071e+00 -2.981375547643562385e+00
4.079313809644734334e+00 -3.014359356780024868e+00
4.089409730719480329e+00 -3.041228348419087180e+00
4.087380990155848437e+00 -3.061472632836182761e+00
4.059598632857788658e+00 -3.040959337088859016e+00
4.058685307054219926e+00 -3.107638113136668601e+00
4.068609017244396497e+00 -3.114276648210275500e+00
4.071180849927304557e+00 -3.151521274506589698e+00
4.066198514694601585e+00 -3.093528573597918996e+00
4.074226419620223361e+00 -3.060042721221190920e+00
4.039283554763368755e+00 -3.063537034285326310e+00
4.065572886359801963e+00 -3.061844885504916292e+00
4.094191176115955066e+00 -3.069036223220920068e+00
4.056574385117569292e+00 -2.998017190179652403e+00
4.061899326679231592e+00 -2.998888592170968259e+00
4.095250893740683296e+00 -3.015413118175414908e+00
4.066280975317816626e+00 -3.017793805276002495e+00
4.078036490207108677e+00 -2.954189337386275760e+00
4.047105928720594825e+00 -2.949407412737970802e+00
4.063053273973290302e+00 -2.992027931815171016e+00
-1.059660973624807312e+01 -2.096776997384835539e+01
-1.064985515030415719e+01 -2.100517125166101806e+01
-1.062719227233534625e+01 -2.101039774613815680e+01
-1.064756545819986755e+01 -2.099545293225314424e+01
-1.063936236628905796e+01 -2.097513473320772803e+01
-1.063732073351892637e+01 -2.097045156392760035e+01
-1.065706771673871600e+01 -2.098429004348391302e+01
-1.067024477895523304e+01 -2.098235601064999045e+01
-1.064250352908868003e+01 -2.093091149704778076e+01
-1.065627887973939636e+01 -2.095334573638638176e+01
-1.060941061945093722e+01 -2.091924946613587721e+01
-1.063368226779255465e+01 -2.090142394214535315e+01
-1.062736848064607464e+01 -2.093086089367809421e+01
-1.065658048964636606e+01 -2.091516407414189516e+01
-1.065323409841101387e+01 -2.087301465670826417e+01
-1.063734391534775092e+01 -2.092600834028260692e+01
-1.063220584214317199e+01 -2.094299612264483912e+01
-1.062330255733849249e+01 -2.094318428973763702e+01
-1.062839100088289612e+01 -2.090000822592346097e+01
-1.064619536762526408e+01 -2.093048532597047995e+01
-1.062599811684560791e+01 -2.090452088833207256e+01
-1.063637899419271093e+01 -2.091180971686088697e+01
-1.062668243884165165e+01 -2.091538269681501916e+01
-1.063306204522872100e+01 -2.093269871529439285e+01
-1.062988443263889593e+01 -2.091457908263447507e+01
-1.063232945513087913e+01 -2.094311364128250474e+01
-1.061075430736814873e+01 -2.093132820728447641e+01
-1.061340357110480959e+01 -2.093937817401914359e+01
-1.064445412738720798e+01 -2.097857972630090018e+01
-1.062265570808877868e+01 -2.101521666868090676e+01
-1.062956377954323273e+01 -2.097770948156184190e+01
-1.064681415994754943e+01 -2.097499450923726982e+01
-1.060842056918336418e+01 -2.114188922835285567e+01
-1.058421701507284673e+01 -2.112521135592705690e+01
-1.063903348679873773e+01 -2.112167157099962012e+01
-1.067454261981197305e+01 -2.113016729542753325e+01
-1.063037941176689039e+01 -2.108400274701541122e+01
-1.065114179554220186e+01 -2.111953686093440297e+01
-1.065600541142404367e+01 -2.113566259335347652e+01
-1.063511574094584766e+01 -2.113755800531907170e+01
-1.064069045426958837e+01 -2.107466780056512690e+01
-1.062450519363618362e+01 -2.113263840020834650e+01
-1.064561892661297016e+01 -2.107068213629530007e+01
-1.067348045795962541e+01 -2.112307625140817890e+01
-1.066695189985490622e+01 -2.112279010025511639e+01
-1.067205917097279233e+01 -2.115922587203073846e+01
-1.065643485400238788e+01 -2.111986685888974336e+01
-1.061704855657867164e+01 -2.113727520048414377e+01
-1.061319253045834898e+01 -2.112103053146483234e+01
-1.068047980687053133e+01 -2.112808175681764666e+01
-1.063578400100715449e+01 -2.106353665587051083e+01
-1.065158044320579123e+01 -2.112203594706689103e+01
-1.069914305964845092e+01 -2.111362401393310151e+01
-1.066942606294218798e+01 -2.105600507282401068e+01
-1.062732876744517618e+01 -2.101610259040312556e+01
-1.062499317479010585e+01 -2.104769939238398635e+01
-1.066541462754091896e+01 -2.098418723313950807e+01
-1.064716565512573965e+01 -2.098773979491500796e+01
-1.063682208166464171e+01 -2.100171606742105723e+01
-1.065040820653683618e+01 -2.100690355193967207e+01
-1.064556495632797706e+01 -2.101233713917027046e+01
-1.062579074108865029e+01 -2.098654283275709886e+01
-1.067436380719535016e+01 -2.100814420880432110e+01
-1.065615377106580475e+01 -2.103965009216857496e+01
-1.065253241718063570e+01 -2.113137526153079193e+01
-1.065750112603407018e+01 -2.112028426272685522e+01
-1.070186626909341676e+01 -2.128949797907801056e+01
-1.065010763444679043e+01 -2.139986070354878933e+01
-1.076068294877452836e+01 -2.150055536123679190e+01
-1.073832322627695746e+01 -2.161865326326365278e+01
-1.077528768116962077e+01 -2.178100898593663715e+01
-1.081005849115339856e+01 -2.179238172481100833e+01
-1.077491406400355345e+01 -2.187027335364001246e+01
-1.081246430776025491e+01 -2.190063498547214849e+01
-1.083352524461494504e+01 -2.199326909588860346e+01
-1.084952745145371900e+01 -2.199815161232202954e+01
-1.084242358135333184e+01 -2.198584740524503545e+01
-1.085055682602526339e+01 -2.205534760910841996e+01
-1.085253961432057501e+01 -2.205265475549852283e+01
-1.089611531363710206e+01 -2.203109449823923072e+01
-1.086455071111229209e+01 -2.206251137024592879e+01
-1.085347046331913567e+01 -2.202917928344445286e+01
-1.088871758865112049e+01 -2.203830541389628195e+01
-1.086188992485905125e+01 -2.200987507968092771e+01
-1.090084752977765703e+01 -2.203159918974466080e+01
-1.085892213793042060e+01 -2.200845442164263233e+01
-1.085926295611306358e+01 -2.204250004613528802e+01
-1.088548151922092799e+01 -2.202997987268783575e+01
-1.090054408275878295e+01 -2.201836712029619036e+01
-1.085318736510877535e+01 -2.203054373274905942e+01
-1.087011819862863504e+01 -2.203443472980388051e+01
-1.086168134197026802e+01 -2.202680516993955706e+01
-1.085518963025549333e+01 -2.201924003072189961e+01
-1.085503233043084315e+01 -2.203064021578526166e+01
-1.085833802747130861e+01 -2.203818645627541528e+01
-1.086558679347652756e+01 -2.205718966492322508e+01
-1.087972726393490142e+01 -2.201124148485272869e+01
-1.087293149586585628e+01 -2.206142489815801255e+01
-1.088541881954097335e+01 -2.207432230345416002e+01
-1.085044518722695450e+01 -2.207146205978564524e+01
-1.085925868884316259e+01 -2.206120261898734825e+01
-1.084745753332873264e+01 -2.206958103674102745e+01
-1.085521708093914484e+01 -2.213190663541831782e+01
-1.094574044812403280e+01 -2.219324466820671660e+01
-1.094405911103994278e+01 -2.224545037208182663e+01
-1.094652461658916920e+01 -2.230812804177974229e+01
-1.092459190223093657e+01 -2.237732127948065752e+01
-1.086385742193744441e+01 -2.249708071353384398e+01
-1.088988628988630758e+01 -2.257025595783678895e+01
-1.094095305043902755e+01 -2.263148077828331495e+01
-1.096761901032260056e+01 -2.266115885504741811e+01
-1.097655149372116057e+01 -2.278028432767798606e+01
-1.098052596954547866e+01 -2.283103869132519748e+01
-1.095909914432832899e+01 -2.291678218784286614e+01
-1.094853957694827074e+01 -2.300251057585589010e+01
-1.097307454037154528e+01 -2.308979347486265254e+01
-1.100555012547750877e+01 -2.319064761322085033e+01
-1.100084354676897647e+01 -2.321113829305070198e+01
-1.103633597573367453e+01 -2.334892866962596258e+01
-1.106379132554190825e+01 -2.343261628077099701e+01
-1.110412745532929968e+01 -2.351016712496874206e+01
-1.111061660653052208e+01 -2.359942453824510622e+01
-1.111792636579644267e+01 -2.367491637850980268e+01
-1.114607938856956437e+01 -2.375081691638580494e+01
-1.113868059244356168e+01 -2.386593866150794341e+01
-1.114439574457142257e+01 -2.387630155245570407e+01
-1.114497040592980071e+01 -2.397453554421488420e+01
-1.115047811847462533e+01 -2.405624565958371619e+01
-1.115466457201912220e+01 -2.412281976141919770e+01
-1.115508624688476935e+01 -2.420027387193969659e+01
-1.114721685040127497e+01 -2.428603209264978702e+01
-1.116297548021237063e+01 -2.436514173858166288e+01
-1.117569509805737304e+01 -2.445059892647934774e+01
-1.115681246731223197e+01 -2.450241284150502352e+01
-1.115456621028838313e+01 -2.452347753782768791e+01
-1.118988616736882591e+01 -2.461004355625791362e+01
-1.121514715041046450e+01 -2.468739115274395246e+01
-1.121847423606324234e+01 -2.478141712272782016e+01
-1.125725739627745625e+01 -2.488272029043530864e+01
-1.126773471920792780e+01 -2.495518779092273220e+01
-1.127467386847907349e+01 -2.500899762838605866e+01
-1.128579519817312615e+01 -2.508384757465427484e+01
-1.129858501614405419e+01 -2.514942928813087519e+01
-1.131750886911081189e+01 -2.523204204807449003e+01
-1.135752297280390621e+01 -2.528040933522257916e+01
-1.136161257009963066e+01 -2.536158550537180290e+01
-1.133898106684896057e+01 -2.543423263659730438e+01
-1.141291812995075183e+01 -2.558168071204350724e+01
-1.144905087290864110e+01 -2.566200753372733701e+01
-1.147693910847617538e+01 -2.570553462175937653e+01
-1.149130412218101860e+01 -2.577513947845863029e+01
-1.153458178818131685e+01 -2.584324621356685725e+01
-1.154833102788985855e+01 -2.594565162156209226e+01
-1.157852156612340799e+01 -2.600278320396910559e+01
-1.160215140216942409e+01 -2.607848448911641626e+01
-1.160889717465114934e+01 -2.617732362655246092e+01
-1.164162381828533022e+01 -2.627926342732605747e+01
-1.163889778865947200e+01 -2.634547701267550579e+01
-1.171095872801254778e+01 -2.648886207724462949e+01
-1.171108143190832607e+01 -2.650987439912095311e+01
-1.174823623523262839e+01 -2.657298142096060189e+01
-1.169224999173530222e+01 -2.669179420068747532e+01
-1.174914611996129743e+01 -2.675143078473916347e+01
-1.176105282794760321e+01 -2.677506360152622378e+01
-1.175313326045152174e+01 -2.685964521220133960e+01
-1.176506708410836843e+01 -2.690048638448857332e+01
-1.178225248798181113e+01 -2.707030988668256555e+01
-1.181776632819650885e+01 -2.714046996628911046e+01
-1.182856184741166494e+01 -2.726381850169042309e+01
-1.183775277649490754e+01 -2.732830248040189502e+01
-1.184725153520397711e+01 -2.738465518745687532e+01
-1.188713691344911183e+01 -2.749079046381566371e+01
-1.190207816684460873e+01 -2.750679697737707130e+01
-1.188553808341536211e+01 -2.757804667142156418e+01
-1.187409069521699401e+01 -2.762601845311558435e+01
-1.189648475444181486e+01 -2.766823809050513105e+01
-1.190385001455323000e+01 -2.773806556234507070e+01
-1.190228315465639319e+01 -2.777347600052334542e+01
-1.191650432644759405e+01 -2.779963994767184232e+01
-1.195671107605285499e+01 -2.795914815688241717e+01
-1.197286150343545685e+01 -2.805500097470374143e+01
-1.196721572499222574e+01 -2.814334143584578030e+01
-1.199025447633670005e+01 -2.819814506030996171e+01
-1.202947858434638029e+01 -2.829340373723337976e+01
-1.205151949384593557e+01 -2.836924083985279665e+01
-1.204682540550485115e+01 -2.847488642650196056e+01
-1.203941113087390846e+01 -2.857479408865490456e+01
-1.204267359565512230e+01 -2.864322695040860367e+01
-1.207656447227860141e+01 -2.873723405331034897e+01
-1.207649612147525353e+01 -2.879387159792384665e+01
-1.207408447965721621e+01 -2.883880102868746320e+01
-1.207472813189247596e+01 -2.894649127989795190e+01
-1.209733035139073110e+01 -2.899374127168223580e+01
-1.208769123373435228e+01 -2.907363706320962748e+01
-1.210600886252692909e+01 -2.910724652188985218e+01
-1.213207421874099445e+01 -2.917885085101149656e+01
-1.213831833185090936e+01 -2.926859902069216446e+01
-1.212912713674146126e+01 -2.934112813700178179e+01
-1.216136484711528354e+01 -2.941499313965865170e+01
-1.215294433419616560e+01 -2.950041833563386362e+01
-1.216930235379646419e+01 -2.957715817395990499e+01
-1.215764741665844006e+01 -2.963401189234161137e+01
-1.219772721448841324e+01 -2.970058605410345720e+01
-1.222705778432131574e+01 -2.982145997898939882e+01
-1.225104736133345007e+01 -2.989944843696702037e+01
-1.228686248248688528e+01 -2.996080576515006300e+01
-1.229879486956166801e+01 -3.002888110451573667e+01
-1.233480173000154423e+01 -3.008090684444681884e+01
-1.232619383297891424e+01 -3.018525622202354342e+01
-1.235827167376012170e+01 -3.025543638337200747e+01
-1.237803435849934530e+01 -3.030854230806810179e+01
-1.236470340630058296e+01 -3.040390806607907237e+01
-1.240506398188629866e+01 -3.045412682003872362e+01
-1.244054949356863204e+01 -3.051225543502979320e+01
-1.245380787938332290e+01 -3.058918377162132529e+01
-1.245182592754988704e+01 -3.067682180278575998e+01
-1.243386175414511818e+01 -3.074627340157822175e+01
-1.254803728236434601e+01 -3.082429000484020065e+01
-1.260454371453404576e+01 -3.092594375402464735e+01
-1.268148044333125846e+01 -3.096762650341626255e+01
-1.256820193817959286e+01 -3.108489828556622925e+01
-1.266769326704628540e+01 -3.117005690191243517e+01
-1.272612741383896662e+01 -3.120418516695911038e+01
-1.277212577917242697e+01 -3.123586798929259700e+01
-1.266328024586744760e+01 -3.136481224910443544e+01
-1.273124715878344482e+01 -3.142673190252350324e+01
-1.274244391215058592e+01 -3.149962141324510156e+01
-1.278911831881623051e+01 -3.154347297643260362e+01
-1.288244284144706775e+01 -3.160375217517727009e+01
-1.293193738198415232e+01 -3.167040120506801415e+01
-1.288368396873336508e+01 -3.172459762112838533e+01
-1.296655282295259504e+01 -3.176883739989183653e+01
-1.311839278474995574e+01 -3.183030738929629067e+01
-1.314739421657648499e+01 -3.187835069216813366e+01
-1.322123455104680012e+01 -3.192580249655937408e+01
-1.324307495676914215e+01 -3.195228186285975980e+01
-1.330912510161632056e+01 -3.198159465708179638e+01
-1.340284089011245960e+01 -3.201504255645849639e+01
-1.346087508614063921e+01 -3.202615453017291003e+01
-1.354766283759239798e+01 -3.203258139256373482e+01
-1.361088560981625406e+01 -3.204333278602169344e+01
-1.368909771467345671e+01 -3.205878438694634980e+01
-1.378039813646673473e+01 -3.206609943767254833e+01
-1.383980011137024846e+01 -3.208502343744503094e+01
-1.394311391345426365e+01 -3.207962233032603905e+01
-1.399163200323671852e+01 -3.209816637480486179e+01
-1.406881227786386113e+01 -3.206906873000543357e+01
-1.417207216858402852e+01 -3.209336235720381580e+01
-1.420428629293874501e+01 -3.209187877696262348e+01
-1.425277116672789290e+01 -3.205907904212116932e+01
-1.434126830039484446e+01 -3.206950691593780078e+01
-1.442400005401468732e+01 -3.205671729404148351e+01
-1.445583796179167813e+01 -3.205532621326449316e+01
-1.455047445862212641e+01 -3.204120500049049980e+01
-1.466228396011396740e+01 -3.202327964383242431e+01
-1.475291201368772320e+01 -3.201282055786766989e+01
-1.479916672636416308e+01 -3.199940033109339055e+01
-1.489487814193618398e+01 -3.199081076930484713e+01
-1.498945434851341929e+01 -3.197293550011388774e+01
-1.502371387369040789e+01 -3.195560820053574602e+01
-1.517361352407145603e+01 -3.195725284204977612e+01
-1.524319760351606590e+01 -3.193459244038645650e+01
-1.532195015331096499e+01 -3.192029056561532840e+01
-1.534892636555114365e+01 -3.188802952801446011e+01
-1.543794207839153998e+01 -3.186417172844147672e+01
-1.546871802782813887e+01 -3.185582467145085062e+01
-1.554012231659727128e+01 -3.184628196106545417e+01
-1.563978732859461829e+01 -3.181888139976649299e+01
-1.569292669816378982e+01 -3.180481083598859371e+01
-1.576556586396636561e+01 -3.176252207014392326e+01
-1.592324019183163664e+01 -3.176576166194234574e+01
-1.596728334850396358e+01 -3.172064458687943045e+01
-1.603955570397790709e+01 -3.172750963449573192e+01
-1.608637059168229300e+01 -3.169974314012670646e+01
-1.615930355220985604e+01 -3.167816451390248034e+01
-1.627776071184617379e+01 -3.167592651096900980e+01
-1.638241580313401258e+01 -3.168087589702594897e+01
-1.649556628478099896e+01 -3.166924387433142130e+01
-1.653468047543138653e+01 -3.166791966303320294e+01
-1.660209084933807944e+01 -3.166274886504411157e+01
-1.661559813226936910e+01 -3.166793700992332461e+01
-1.672532316900713667e+01 -3.164461134645861762e+01
-1.676499222614828710e+01 -3.166369663974812099e+01
-1.689427308983022513e+01 -3.162436199784885105e+01
-1.700557237062744775e+01 -3.161367697093352902e+01
-1.704646347314313815e+01 -3.160575382157955460e+01
-1.707456105426190263e+01 -3.158135908778302081e+01
-1.713682484947644014e+01 -3.156249592042824048e+01
-1.727648430062063767e+01 -3.152245086129570950e+01
-1.729736483034094618e+01 -3.151063616071939322e+01
-1.733258668646706013e+01 -3.150023157664693940e+01
-1.747307690448229422e+01 -3.147910387437043056e+01
-1.753601077273966879e+01 -3.144378501474556131e+01
-1.764329062945522963e+01 -3.143909357419544648e+01
-1.768646517926205775e+01 -3.142144025523013440e+01
-1.774609551490270576e+01 -3.139463355330818928e+01
-1.782897452866848909e+01 -3.138383481433262290e+01
-1.786755282447134618e+01 -3.135786181050927368e+01
-1.793037830183404324e+01 -3.133319118569704642e+01
-1.798345710599621228e+01 -3.131228066634312057e+01
-1.814468127530689046e+01 -3.128900118212565928e+01
-1.818068750270230538e+01 -3.125418236438374819e+01
-1.820782335934234553e+01 -3.123336240809187814e+01
-1.827877960070489394e+01 -3.120909517611177364e+01
-1.837522661614639574e+01 -3.119595983451295496e+01
-1.847198065259259891e+01 -3.117366595792278261e+01
-1.859451266582667728e+01 -3.113959739987898345e+01
-1.867827463327871129e+01 -3.112584841465010399e+01
-1.873610989286545703e+01 -3.110789550304532369e+01
-1.883613533967541542e+01 -3.109277573518727422e+01
-1.892663827640043905e+01 -3.107682959598163208e+01
-1.895268959447776780e+01 -3.107273032674244462e+01
-1.898824426439960789e+01 -3.107432569261926858e+01
-1.907682999961801329e+01 -3.107387241302127379e+01
-1.916918377787952821e+01 -3.107277808771412708e+01
-1.925844254135148503e+01 -3.107414094613685052e+01
-1.928863991760255914e+01 -3.105837430439944669e+01
-1.939558335227567909e+01 -3.103368000989197029e+01
-1.946780556839605225e+01 -3.102137374823110605e+01
-1.954642383995780364e+01 -3.102153768612202711e+01
-1.964079408994425791e+01 -3.100400097343686667e+01
-1.972680237438887474e+01 -3.099288972725346980e+01
-1.981069473741972686e+01 -3.098226744518553843e+01
-1.983813119175407635e+01 -3.095210907704364445e+01
-1.998225513201473191e+01 -3.093365703553375567e+01
-2.005254719217070303e+01 -3.092760134588228738e+01
-2.010726871745786326e+01 -3.092902529116618382e+01
-2.018324950038682530e+01 -3.092164765721208397e+01
-2.022619628253897517e+01 -3.091409566333313563e+01
-2.030738100939076318e+01 -3.088793490078174031e+01
-2.038923130655205895e+01 -3.087534356975449867e+01
-2.043406445084518097e+01 -3.085489781841283019e+01
-2.048717442096917551e+01 -3.083351207498554913e+01
-2.064942807903660338e+01 -3.080417144384923134e+01
-2.071716642280681597e+01 -3.080673117724436949e+01
-2.078611036594417527e+01 -3.079436966527177688e+01
-2.088951043200397706e+01 -3.077257492971593678e+01
-2.094895057713623032e+01 -3.075075108637354049e+01
-2.112359521880552293e+01 -3.071328565657345067e+01
-2.119331697919262325e+01 -3.068955242368963354e+01
-2.121243724946600651e+01 -3.067552025147602279e+01
-2.125063536845255285e+01 -3.065501545116544335e+01
-2.129949263886284072e+01 -3.061741509339180567e+01
-2.137417799205599422e+01 -3.060140004404532021e+01
-2.141918107415924766e+01 -3.060699767846843500e+01
-2.150870725127019867e+01 -3.058330151001296215e+01
-2.157790609599562615e+01 -3.058613776015832997e+01
-2.167042118300162912e+01 -3.057817154931865744e+01
-2.175993095803470823e+01 -3.058508322301954507e+01
-2.182087182508365686e+01 -3.057684682904739049e+01
-2.186058965131075738e+01 -3.056110460488396896e+01
-2.194277636678609511e+01 -3.055113388896852911e+01
-2.201522686929374473e+01 -3.053669282773659077e+01
-2.207386731326288754e+01 -3.053518812091227730e+01
-2.213614754855324662e+01 -3.048054507746198638e+01
-2.225063062241418876e+01 -3.044896583683020808e+01
-2.235997339350467072e+01 -3.048276080166207080e+01
-2.248531337683282771e+01 -3.047077317266795760e+01
-2.258700351905738657e+01 -3.045976523121667867e+01
-2.258752144288585129e+01 -3.045623549207787306e+01
-2.265273593811796005e+01 -3.045433402546830948e+01
-2.269268805210075968e+01 -3.044348670070406726e+01
-2.287859307924037466e+01 -3.040712467309575473e+01
-2.291449232555174476e+01 -3.039410782635180297e+01
-2.295917856158072823e+01 -3.036667920465059467e+01
-2.310252755376008338e+01 -3.036059998049463715e+01
-2.312191478720922788e+01 -3.033357045025110921e+01
-2.319828899315813331e+01 -3.032633120528261728e+01
-2.325271714322474992e+01 -3.029287397861296682e+01
-2.327095329896703646e+01 -3.027238067121491127e+01
-2.343673378557177500e+01 -3.023917569736060074e+01
-2.348089877083126353e+01 -3.023303807182234237e+01
-2.357005251250013345e+01 -3.019883608424385457e+01
-2.360799565122602317e+01 -3.020273977991982051e+01
-2.369202046487929181e+01 -3.017955381661084147e+01
-2.377060158870625628e+01 -3.016922499278446779e+01
-2.384071739182653005e+01 -3.015165006989814600e+01
-2.392306569386146720e+01 -3.014124382190239260e+01
-2.393870023705050087e+01 -3.010478479401603735e+01
-2.405255786892342229e+01 -3.009203738939485007e+01
-2.419266466217333189e+01 -3.004714390497549203e+01
-2.424770312659211058e+01 -3.004968075454592125e+01
-2.430775159517421358e+01 -3.001663184116219796e+01
-2.436089694866657496e+01 -2.998197053306374826e+01
-2.440961612137602543e+01 -2.996341680942426322e+01
-2.449826129091006877e+01 -2.992330197844782447e+01
-2.461072684740424421e+01 -2.989332934461494062e+01
-2.463379957143432009e+01 -2.987494582249933828e+01
-2.473710763124332246e+01 -2.985538937425765837e+01
-2.479797146519247875e+01 -2.983017474895395083e+01
-2.487250944612280890e+01 -2.982865966718201278e+01
-2.495023568939176073e+01 -2.979256879953723569e+01
-2.500174752750216101e+01 -2.981131282219033451e+01
-2.512106934836880612e+01 -2.979480134362025368e+01
-2.518196573697015239e+01 -2.980646236658455805e+01
-2.528397586173495526e+01 -2.980539910455731345e+01
-2.533861200629024779e+01 -2.982167249152742983e+01
-2.539235885966285267e+01 -2.982664012560524114e+01
-2.547295994614785641e+01 -2.984570347213984221e+01
-2.560760224037619537e+01 -2.982602752074738461e+01
-2.570322093814593600e+01 -2.983386766232580811e+01
-2.576463844913813972e+01 -2.983785591514701352e+01
-2.583200974479327172e+01 -2.984149537963756416e+01
-2.592824344407499026e+01 -2.982775023751141674e+01
-2.602442127986914500e+01 -2.981784883752949256e+01
-2.609429729121213626e+01 -2.982275562473003561e+01
-2.613128971410972667e+01 -2.983040013081409114e+01
-2.620436349014889998e+01 -2.983428193964654440e+01
-2.626284333940522586e+01 -2.982795391214893499e+01
-2.636803257452932669e+01 -2.982313508996379881e+01
-2.642198821041165502e+01 -2.983910693139859305e+01
-2.644698826272661307e+01 -2.983840595010956775e+01
-2.650323051301218769e+01 -2.980681449304722364e+01
-2.666922048663273515e+01 -2.976360765535404340e+01
-2.668807801953817460e+01 -2.976141200957564692e+01
-2.680446469807649024e+01 -2.977774213620476473e+01
-2.689095209497546790e+01 -2.977219935089813063e+01
-2.694688116550136670e+01 -2.976468099455376759e+01
-2.702260695049115213e+01 -2.974748967471983363e+01
-2.711321285942837633e+01 -2.972952633492771568e+01
-2.717180686360728004e+01 -2.972178114644122360e+01
-2.724678082890087794e+01 -2.970291916202235427e+01
-2.735416311518946131e+01 -2.967940716010291524e+01
-2.744818003723305111e+01 -2.965732546798420444e+01
-2.749894792442217550e+01 -2.964710220805469021e+01
-2.758319082162442726e+01 -2.965478493234394364e+01
-2.767162697923577142e+01 -2.963267464563978848e+01
-2.769703770697577383e+01 -2.960579642914029819e+01
-2.774465761023324006e+01 -2.959079840211737178e+01
-2.781587090222409131e+01 -2.957532996548774307e+01
-2.791841861920807588e+01 -2.955056857102345447e+01
-2.803460664807273162e+01 -2.953655591087838772e+01
-2.808339191500138554e+01 -2.954108932908820506e+01
-2.815823895577809921e+01 -2.952668702850635185e+01
-2.820293777526843471e+01 -2.951829218265779176e+01
-2.829632373326216310e+01 -2.950991030178874652e+01
-2.836974270157806544e+01 -2.949875770322980273e+01
-2.842828183595214853e+01 -2.948909585958192636e+01
-2.845695023652645972e+01 -2.947299419933701614e+01
-2.862286186699277835e+01 -2.944933959614610330e+01
-2.873162290143583775e+01 -2.943310976847644866e+01
-2.881750640174799827e+01 -2.942688428312300175e+01
-2.886952649912766589e+01 -2.942207253398731126e+01
-2.889543805582641056e+01 -2.941871242996419511e+01
-2.900306263227948023e+01 -2.939259610787080490e+01
-2.910425237660045994e+01 -2.937355369770428126e+01
-2.917793401582012791e+01 -2.936694807936213891e+01
-2.925008022821977249e+01 -2.935285126182386151e+01
-2.932183209042286265e+01 -2.934605917491482430e+01
-2.938180657246548932e+01 -2.935474574771943068e+01
-2.944676230073059031e+01 -2.933470444860758519e+01
-2.954636513824496546e+01 -2.928474939964783630e+01
-2.962185057695568702e+01 -2.925991897522275664e+01
-2.969939872983592011e+01 -2.923971805723287076e+01
-2.978014053559235919e+01 -2.922447067234966056e+01
-2.989864298256026487e+01 -2.922930822859628108e+01
-2.992155430124979176e+01 -2.919147196135521583e+01
-3.001385604990015565e+01 -2.918960820826664104e+01
-3.006691899038564841e+01 -2.916695778820942309e+01
-3.013274042242110795e+01 -2.915015757298054311e+01
-3.019985915318592262e+01 -2.913752897265974084e+01
-3.033436080657859435e+01 -2.909404266967535335e+01
-3.038808615673735503e+01 -2.906450076505559821e+01
-3.038882149946285338e+01 -2.905420240983596614e+01
-3.050888276024428336e+01 -2.905439739046409287e+01
-3.056354339397109143e+01 -2.903707927949631795e+01
-3.065751429114859405e+01 -2.902441195813781860e+01
-3.070034788031495765e+01 -2.899547673661326641e+01
-3.081533312880899089e+01 -2.899140324808993441e+01
-3.087480568026672856e+01 -2.896970766526578345e+01
-3.094494369935763345e+01 -2.895237880364710747e+01
-3.100066752132046588e+01 -2.892671857032844329e+01
-3.107469612370766043e+01 -2.892960126747692229e+01
-3.115154353803750098e+01 -2.891441105632848263e+01
-3.123886129531293321e+01 -2.889320360854612346e+01
-3.131653846037295352e+01 -2.888156843445118938e+01
-3.140002973468195790e+01 -2.889320136781767445e+01
-3.146658963759977823e+01 -2.888752555190096061e+01
-3.154553840134057197e+01 -2.887917243829041425e+01
-3.164659179541018119e+01 -2.886213030172189775e+01
-3.171422861435357632e+01 -2.884750080770180958e+01
-3.178480413228064094e+01 -2.882751202230628707e+01
-3.186185899789962050e+01 -2.880683073923828275e+01
-3.195085166326493109e+01 -2.877361942955121066e+01
-3.203460605597196320e+01 -2.876773360972273963e+01
-3.215308799454960820e+01 -2.874607334007580306e+01
-3.224284182359010487e+01 -2.871420621774847604e+01
-3.228530360403626531e+01 -2.870502694070253469e+01
-3.236016255246232731e+01 -2.872826120310448772e+01
-3.240494995477883577e+01 -2.873138207540193889e+01
-3.249303880644735187e+01 -2.871125429986420485e+01
-3.253262016645583543e+01 -2.869700272049145440e+01
-3.262715436690796622e+01 -2.868561653510434084e+01
-3.268835451110430057e+01 -2.867304680317384680e+01
-3.278293928353443221e+01 -2.865751980537300980e+01
-3.287959531646330191e+01 -2.864585406308444604e+01
-3.290273666762357863e+01 -2.863592783232460803e+01
-3.298444130614572600e+01 -2.862081407826808288e+01
-3.308734290423596036e+01 -2.859963825536609860e+01
-3.300828855870164347e+01 -2.862364306272505488e+01
-3.314174342349317470e+01 -2.859003933520324736e+01
-3.326402134246129094e+01 -2.856264616325103844e+01
-3.335557907455548587e+01 -2.854696275839005892e+01
-3.345913835405897885e+01 -2.853167557752518491e+01
-3.350224934328898030e+01 -2.853746331644494560e+01
-3.359544232504887873e+01 -2.853254787702675088e+01
-3.369911563542524391e+01 -2.853269410276831763e+01
-3.373735993272360645e+01 -2.851443916597596129e+01
-3.383995634109267314e+01 -2.852000369012484526e+01
-3.384680676047437231e+01 -2.852546140259217822e+01
-3.396368197321649518e+01 -2.851846620034739743e+01
-3.404412933370482364e+01 -2.851081815541002484e+01
-3.414853855111124403e+01 -2.849529489003981197e+01
-3.421969084845583353e+01 -2.847758554890353722e+01
-3.429706020543964939e+01 -2.846109407683439585e+01
-3.439939141462332373e+01 -2.844315386708161952e+01
-3.448247247727837816e+01 -2.841323877417251254e+01
-3.457674842533479875e+01 -2.842007965783587409e+01
-3.466700917466945242e+01 -2.839671627283631139e+01
-3.469324417213318412e+01 -2.838483773429050672e+01
-3.474965492546530754e+01 -2.837005200190841592e+01
-3.482572091504106027e+01 -2.835020031407317376e+01
-3.489613909841804684e+01 -2.834196112323064298e+01
-3.490803842849842198e+01 -2.833468631905502377e+01
-3.497265426386319831e+01 -2.832311883332637592e+01
-3.507075564144058433e+01 -2.828740912141523722e+01
-3.505845900987575448e+01 -2.828141684783383525e+01
-3.507864514142580958e+01 -2.827798477310727776e+01
-3.505785078865926607e+01 -2.823345853757795965e+01
-3.506464365309989972e+01 -2.820869725553883001e+01
-3.521342355917624900e+01 -2.819361098147162181e+01
-3.545685046065678847e+01 -2.816934051903758274e+01
-3.553986982353757185e+01 -2.813608652509858388e+01
-3.569822823346430596e+01 -2.809301142684193664e+01
-3.575283239550448400e+01 -2.806981458543874197e+01
-3.586524453129501211e+01 -2.805188075002788750e+01
-3.595410084626480085e+01 -2.806986831456251252e+01
-3.603234627055888950e+01 -2.808177534437334089e+01
-3.609022387756382955e+01 -2.804492405411179945e+01
-3.610931269810377131e+01 -2.802962468765436199e+01
-3.629618720432962675e+01 -2.801462676002618579e+01
-3.637008371843605659e+01 -2.801977141281399497e+01
-3.641788351630130904e+01 -2.801350914002939163e+01
-3.646160597052642061e+01 -2.799585923572001889e+01
-3.658070391491102669e+01 -2.798921718404525549e+01
-3.663244990763644893e+01 -2.798031380303521232e+01
-3.669495840681747012e+01 -2.797197024983705305e+01
-3.675941072994058345e+01 -2.794232786631282295e+01
-3.685316492803406874e+01 -2.791190817556926262e+01
-3.691141113501773674e+01 -2.790279137037186175e+01
-3.701034082916996226e+01 -2.788668958548334231e+01
-3.707841698323860413e+01 -2.793606805808869709e+01
-3.713883568838742377e+01 -2.791073070731145833e+01
-3.725574962096465015e+01 -2.788597428027508229e+01
-3.724590740421442803e+01 -2.785655789226958134e+01
-3.735903567561215510e+01 -2.784459523225887878e+01
-3.741443581995272893e+01 -2.784800900768127363e+01
-3.752054611792573979e+01 -2.783125623849907981e+01
-3.758330611651479103e+01 -2.783877211667416773e+01
-3.766226600863502938e+01 -2.784005471506138107e+01
-3.776867860171117997e+01 -2.783115170605788080e+01
-3.785089628933888406e+01 -2.780319119295498709e+01
-3.794723568223732002e+01 -2.780065590181639124e+01
-3.802207480675292572e+01 -2.780791668614464029e+01
-3.807243792950597339e+01 -2.778663850497671817e+01
-3.811282211918662455e+01 -2.777739522544934658e+01
-3.817329002743873190e+01 -2.777295830623467410e+01
-3.819390073672801833e+01 -2.776190372756719427e+01
-3.814375184510412709e+01 -2.777173246187413369e+01
-3.813961905082021531e+01 -2.776817784619645479e+01
-3.825060112508387533e+01 -2.776152001348821585e+01
-3.826798830952817809e+01 -2.777186574794546559e+01
-3.834913278117091551e+01 -2.773571586663037181e+01
-3.841385471783094374e+01 -2.773539240975172504e+01
-3.850137286043932505e+01 -2.773557554116074542e+01
-3.854694769216299477e+01 -2.770999683479974252e+01
-3.864232450740652069e+01 -2.771167516764685246e+01
-3.864785841993850823e+01 -2.771384145462024406e+01
-3.867008357730617263e+01 -2.769538605567920797e+01
-3.863159595140419356e+01 -2.772735879174534901e+01
-3.868656702596579322e+01 -2.766853093919252871e+01
-3.873528652273753181e+01 -2.763037569727607945e+01
-3.895436019016300833e+01 -2.760547363528110765e+01
-3.886023104287571073e+01 -2.756394227444461720e+01
-3.903861556327204596e+01 -2.752707244318114022e+01
-3.901310950580796089e+01 -2.751422926204378427e+01
-3.893388805851982681e+01 -2.757167556776526851e+01
-3.923693072868135090e+01 -2.755725227523872078e+01
-3.939376053613259643e+01 -2.749231875439586403e+01
-3.910465026007012312e+01 -2.748429245437244006e+01
-3.922543408465924131e+01 -2.748823717003372380e+01
-3.946179104618751410e+01 -2.748218382356403566e+01
-3.936028961338301713e+01 -2.747578539140759091e+01
-3.928344483084443794e+01 -2.747139075736937386e+01
-3.934543732065031918e+01 -2.744655552092971362e+01
-3.932494558826140008e+01 -2.744208518175927480e+01
-3.938987831986565169e+01 -2.741773516289174140e+01
-3.946645839569811898e+01 -2.741134707076623656e+01
-3.951972149691944480e+01 -2.739936795212880227e+01
-3.958910054019228397e+01 -2.739999978078956389e+01
-3.963711340425905405e+01 -2.738622014090752543e+01
-3.971726871648775159e+01 -2.737124149692802888e+01
-3.986797383997280519e+01 -2.734621130215557372e+01
-3.992420565598442295e+01 -2.731912240072057685e+01
-4.007600914222293653e+01 -2.729947916103897043e+01
-4.008423513395431570e+01 -2.728689387326648230e+01
-4.023187901029929492e+01 -2.727685211475392535e+01
-4.023649534788651749e+01 -2.727818311507501292e+01
-4.041490051699203434e+01 -2.727697963355841537e+01
-4.049991758106985174e+01 -2.728572888286771914e+01
-4.055659457720294370e+01 -2.727763204027057498e+01
-4.061089106116013170e+01 -2.727483359150202347e+01
-4.086256899223003103e+01 -2.723657416148653709e+01
-4.143511590596330052e+01 -2.715270478627238049e+01
-4.178287560064129025e+01 -2.710010768936099268e+01
-4.196720257307921287e+01 -2.708082005968180184e+01
-4.198919396982658725e+01 -2.708038167986627798e+01
-4.205007414202491844e+01 -2.707216353961792521e+01
-4.213858975398085249e+01 -2.704405192533970492e+01
-4.222414634750861495e+01 -2.702414284212524009e+01
-4.230293796512174964e+01 -2.700726449226939963e+01
-4.238880141412031577e+01 -2.699140254586257726e+01
-4.249251386779359763e+01 -2.696726619554403115e+01
-4.264133200713794025e+01 -2.693732818931518480e+01
-4.265045768021323624e+01 -2.695361002114948690e+01
-4.268498506006969251e+01 -2.694705211522715871e+01
-4.275048727111471436e+01 -2.692831298169692289e+01
-4.281780413145110487e+01 -2.691128736987387526e+01
-4.290051711930980360e+01 -2.688279123500803180e+01
-4.298489318683552796e+01 -2.685559767982305246e+01
-4.306704790176501518e+01 -2.684588403795837408e+01
-4.311816094677546118e+01 -2.684162330028688714e+01
-4.325357311884480538e+01 -2.681419113570819235e+01
-4.334516735089813011e+01 -2.678850796330647910e+01
-4.345230161215366849e+01 -2.675650341574912972e+01
-4.344793007916970140e+01 -2.675299124546519280e+01
-4.346466156725925600e+01 -2.674004442807964210e+01
-4.357073401542059798e+01 -2.671389056600839140e+01
-4.364418843861129460e+01 -2.669497903617958201e+01
-4.370325614555846272e+01 -2.668589951376340252e+01
-4.373654231103373746e+01 -2.667714031384473472e+01
-4.378726578525272117e+01 -2.666387917437847577e+01
-4.384386149179432124e+01 -2.664362583921075966e+01
-4.394541500704645642e+01 -2.661775796753716605e+01
-4.402887821131934487e+01 -2.659678273184433905e+01
-4.412365488489290755e+01 -2.658365512686079768e+01
-4.419369490969061331e+01 -2.658112654270106745e+01
-4.427430291932031281e+01 -2.655508964204123146e+01
-4.436524899237345920e+01 -2.655382689001043772e+01
-4.446469179889107437e+01 -2.653374258834941557e+01
-4.454524441667432910e+01 -2.651499580820821578e+01
-4.462772159002378913e+01 -2.649518169411405921e+01
-4.461869119675301931e+01 -2.648287463529461760e+01
-4.467599746031910968e+01 -2.644751015485252665e+01
-4.477697149653236863e+01 -2.643985984011307622e+01
-4.484293708825092040e+01 -2.642067160960634453e+01
-4.486344052285960515e+01 -2.642372018065155714e+01
-4.498456775743047587e+01 -2.642779512290170985e+01
-4.509866350074986485e+01 -2.638051911962438822e+01
-4.518690267577979824e+01 -2.637164827760411612e+01
-4.525345543719956254e+01 -2.637981939321075942e+01
-4.532431772016099814e+01 -2.635842149964908643e+01
-4.544964573399982299e+01 -2.635718178081952345e+01
-4.552886165442757971e+01 -2.633791094141149358e+01
-4.556844388965856041e+01 -2.633830766639472998e+01
-4.561366167308640485e+01 -2.632686687138871307e+01
-4.564987747678314634e+01 -2.632400072732215435e+01
-4.572844291105003123e+01 -2.630200018690037567e+01
-4.587593413872711068e+01 -2.626819401561904854e+01
-4.594319640481818823e+01 -2.626755602899637765e+01
-4.599336441889921190e+01 -2.626559947573411691e+01
-4.608168856904061528e+01 -2.625168263815774594e+01
-4.609929291033299137e+01 -2.624565664394924980e+01
-4.618537305445642005e+01 -2.626174589727811082e+01
-4.625560596599841290e+01 -2.626753302212386743e+01
-4.634593277449515369e+01 -2.622960833617208465e+01
-4.637394236980296114e+01 -2.622015489325657001e+01
-4.644639155020084331e+01 -2.620268599487458872e+01
-4.664682148529313110e+01 -2.618171500878122515e+01
-4.668596975383042036e+01 -2.617159504439615958e+01
-4.695299426313533075e+01 -2.616133735161121265e+01
-4.694666665763888602e+01 -2.613562246885698670e+01
-4.695772786165321833e+01 -2.613240681111629016e+01
-4.703689948330887916e+01 -2.611890612715141557e+01
-4.709297803822695272e+01 -2.609594909651593042e+01
-4.721507623879859494e+01 -2.608003828048492778e+01
-4.726430675525892866e+01 -2.602649636720668269e+01
-4.731297973514033117e+01 -2.601627252934855861e+01
-4.729882488137342023e+01 -2.600296129334941142e+01
-4.740272158667636404e+01 -2.598697963768054819e+01
-4.750368370062753343e+01 -2.598022059552358698e+01
-4.766235593105781021e+01 -2.591011488362811477e+01
-4.774317135048318761e+01 -2.592324582291744051e+01
-4.780518673566168530e+01 -2.587245014933287024e+01
-4.786172504009188344e+01 -2.582926267003321996e+01
-4.791773371059146314e+01 -2.577146908457973495e+01
-4.795099147032270537e+01 -2.570345452750454385e+01
-4.800131646584186029e+01 -2.560543098150686703e+01
-4.801647278808501795e+01 -2.554681723185867170e+01
-4.803366768908895779e+01 -2.549683891153405924e+01
-4.810120059481379684e+01 -2.545770781444021580e+01
-4.821928867762255777e+01 -2.538333780339763379e+01
-4.818625684157649403e+01 -2.528103167501179627e+01
-4.821479587318561499e+01 -2.521047924824223330e+01
-4.820958229855194332e+01 -2.519482467107381751e+01
-4.825387626872927171e+01 -2.504879358342040518e+01
-4.823470238623455941e+01 -2.495191805094136228e+01
-4.823684901708864459e+01 -2.490808482544086289e+01
-4.821167763664012540e+01 -2.483227540635509101e+01
-4.822705029801598187e+01 -2.475721133525728845e+01
-4.821004980629507486e+01 -2.466062804216728921e+01
-4.818734356227250260e+01 -2.458458720494714456e+01
-4.816331338769121828e+01 -2.454693196021108292e+01
-4.814091259438156811e+01 -2.449486901674037753e+01
-4.809639711223346126e+01 -2.443544984917627261e+01
-4.809275997139151571e+01 -2.435782883041993685e+01
-4.808145734503159474e+01 -2.428902338176343179e+01
-4.803371571395522466e+01 -2.412546445141293106e+01
-4.803472457806712015e+01 -2.404630566877343867e+01
-4.803164929459028087e+01 -2.399009775958836599e+01
-4.802842664641868708e+01 -2.394318945903394891e+01
-4.801796977788714571e+01 -2.393455896087458257e+01
-4.795934042822581489e+01 -2.382511326235143656e+01
-4.794274574348482076e+01 -2.375592039801709632e+01
-4.793136287701487674e+01 -2.368283277782919782e+01
-4.792055097107131445e+01 -2.363336139189529206e+01
-4.787756659557673800e+01 -2.352817477316443728e+01
-4.788140724458428821e+01 -2.346053048642647809e+01
-4.785972335692258639e+01 -2.339598549772296110e+01
-4.783021070184277335e+01 -2.331524809774503382e+01
-4.780903358778887480e+01 -2.324156623431684210e+01
-4.779480460857290325e+01 -2.320082388032801646e+01
-4.778333721234196219e+01 -2.316758929011080070e+01
-4.775724133834713570e+01 -2.306088877586782004e+01
-4.774555835341236332e+01 -2.296978531808203172e+01
-4.772854391625552495e+01 -2.286354494998448317e+01
-4.772221288801749495e+01 -2.280181386616436257e+01
-4.770312065118328348e+01 -2.274000097572519863e+01
-4.767399540187412299e+01 -2.264729384771497323e+01
-4.765599486125702811e+01 -2.257979452530822684e+01
-4.763871865021253171e+01 -2.249860232350203049e+01
-4.761514054559441433e+01 -2.245587144735044660e+01
-4.759707829099361476e+01 -2.237082092211443296e+01
-4.758310976001864390e+01 -2.229562633144266215e+01
-4.755694751911890705e+01 -2.222463632638861597e+01
-4.754432747473981635e+01 -2.215145712050087567e+01
-4.751552902005238366e+01 -2.208818085633943085e+01
-4.751792479348987541e+01 -2.203604577908255635e+01
-4.749785676281786806e+01 -2.196054792512965292e+01
-4.747443877116234034e+01 -2.189408106625398887e+01
-4.744634703414908472e+01 -2.180993100021695597e+01
-4.742682341338468888e+01 -2.176102497656738777e+01
-4.740935228578901928e+01 -2.168728991678370832e+01
-4.740021867622898810e+01 -2.161598601155858290e+01
-4.737309563316009786e+01 -2.152721167178934536e+01
-4.735296828572188588e+01 -2.145791777958735480e+01
-4.732900772403185385e+01 -2.137628479437993079e+01
-4.730916920974258488e+01 -2.133313272087155354e+01
-4.730171611283147826e+01 -2.122441155877429964e+01
-4.728347224158184758e+01 -2.112998980962069595e+01
-4.728900041010555810e+01 -2.107862193046538835e+01
-4.728720858426178353e+01 -2.102742868233425710e+01
-4.728523712234211018e+01 -2.097018492234269615e+01
-4.726851629415028810e+01 -2.089773648700019848e+01
-4.726198282690805286e+01 -2.082896523456682658e+01
-4.726765742062681142e+01 -2.075920924116975996e+01
-4.724480947087550931e+01 -2.068454434139753673e+01
-4.725521169749029582e+01 -2.056921364992471624e+01
-4.721062562555416520e+01 -2.045836590745391703e+01
-4.718323794350588685e+01 -2.040989764227065706e+01
-4.716633997366123054e+01 -2.034433874029460299e+01
-4.716953732891963824e+01 -2.025625711128748563e+01
-4.715932525533506947e+01 -2.018981086156598082e+01
-4.714588577885904641e+01 -2.014850367510932472e+01
-4.716450553901507448e+01 -2.002645212304282651e+01
-4.710514310204271737e+01 -1.995076928498021118e+01
-4.707022337658817435e+01 -1.990513835043207891e+01
-4.707736089649228006e+01 -1.985530029533384067e+01
-4.709871368650351542e+01 -1.978607287612144106e+01
-4.709965262391830976e+01 -1.972823958719989790e+01
-4.708695173875852902e+01 -1.964973746900058771e+01
-4.707070165864775646e+01 -1.957168272987897950e+01
-4.706565698670500808e+01 -1.950259081847508469e+01
-4.706246355681193450e+01 -1.942212129496191153e+01
-4.703159424657015109e+01 -1.935066586941980304e+01
-4.701975434571415491e+01 -1.927276379660460748e+01
-4.700249934870276292e+01 -1.912925189519632241e+01
-4.698961752083808108e+01 -1.908325263041679065e+01
-4.697359288633018082e+01 -1.898538439394305044e+01
-4.696041724284225438e+01 -1.888603709882654513e+01
-4.695560894389493001e+01 -1.880357276253410248e+01
-4.692533989747455792e+01 -1.871750002665306667e+01
-4.690794476348278863e+01 -1.866591293925993611e+01
-4.692751053223786784e+01 -1.859937985646873315e+01
-4.691178205183936001e+01 -1.852277726823557558e+01
-4.692347009664248958e+01 -1.840793914975865064e+01
-4.689347344779707072e+01 -1.832653696268409149e+01
-4.688644765509974377e+01 -1.826055219862345425e+01
-4.686755196762967302e+01 -1.819491163169967152e+01
-4.684962393232196831e+01 -1.814325180891067291e+01
-4.682365732168138805e+01 -1.809393831013227683e+01
-4.682550218734515823e+01 -1.799450701157000410e+01
-4.676082628180135004e+01 -1.792386432692429921e+01
-4.677656436855484401e+01 -1.786310420433390433e+01
-4.675826307131318060e+01 -1.779833707119918174e+01
-4.672297791073459194e+01 -1.773986731322559862e+01
-4.668638244651906888e+01 -1.763878316602212948e+01
-4.664153343654442097e+01 -1.755738312765557652e+01
-4.663287972886674027e+01 -1.747892116246641692e+01
-4.664617026383002951e+01 -1.745383579437111621e+01
-4.661219563945464017e+01 -1.740685804434492923e+01
-4.658761757683909366e+01 -1.734691198128134104e+01
-4.657108578324652370e+01 -1.732470453620245365e+01
-4.654400410411447808e+01 -1.733334926764689499e+01
-4.653390437408246783e+01 -1.731431449612004059e+01
-4.650727126157914171e+01 -1.717714491096646867e+01
-4.646530870564878768e+01 -1.695126220914819015e+01
-4.644948881505676042e+01 -1.688892224226004757e+01
-4.635163256404232612e+01 -1.674371523236948889e+01
-4.635024735208205016e+01 -1.665692545170402994e+01
-4.629940652599004380e+01 -1.656659592542433046e+01
-4.625493744901949356e+01 -1.649441573566102903e+01
-4.615154439689358412e+01 -1.652957674194152915e+01
-4.609655959549826321e+01 -1.644637131453856327e+01
-4.609444821638390977e+01 -1.638303480374565169e+01
-4.603091264038222619e+01 -1.633417110000151595e+01
-4.590755422138202135e+01 -1.629225855825875158e+01
-4.581990323141346977e+01 -1.626997658113336342e+01
-4.573659240235970458e+01 -1.620748810335431855e+01
-4.558185439065444200e+01 -1.619892114016118967e+01
-4.548916747184448184e+01 -1.621558714593951223e+01
-4.542005252682004368e+01 -1.623231677082647195e+01
-4.523113237378374407e+01 -1.621652361809661613e+01
-4.502157560062833852e+01 -1.623497983621092899e+01
-4.490448865934723699e+01 -1.624578363303418627e+01
-4.497923527401636790e+01 -1.628445361161272587e+01
-4.519939375475104981e+01 -1.622319027316648743e+01
-4.516489968897234064e+01 -1.620946890459481793e+01
-4.504149957150295336e+01 -1.621568232208200655e+01
-4.495861878091260166e+01 -1.623146361984038677e+01
-4.479919278476337041e+01 -1.624179214172604802e+01
-4.474199542521380835e+01 -1.624367080723260415e+01
-4.478763869047896407e+01 -1.621723698173645545e+01
-4.465872093765475626e+01 -1.624858407628021695e+01
-4.458791983319421348e+01 -1.626173759311690148e+01
-4.455304808402843975e+01 -1.625847608977462855e+01
-4.440693035135695510e+01 -1.626289217817164712e+01
-4.438571156272706020e+01 -1.626871402035888536e+01
-4.426055113311817024e+01 -1.630809648895337105e+01
-4.410883539760451555e+01 -1.633018181856309781e+01
-4.408106570188130036e+01 -1.632436890740279267e+01
-4.405076773595106232e+01 -1.632530696414530169e+01
-4.401812837319288718e+01 -1.634451815091670213e+01
-4.386330321451750791e+01 -1.637962246262896926e+01
-4.377029609824340639e+01 -1.641482094265083447e+01
-4.363722869557738449e+01 -1.642393038431456276e+01
-4.365506165309336239e+01 -1.643825904412152994e+01
-4.360421739574010758e+01 -1.645761678657341420e+01
-4.356442695833755607e+01 -1.647280883404667762e+01
-4.343114861124607984e+01 -1.651495026445200409e+01
-4.333478789819586297e+01 -1.653827313041677982e+01
-4.332787222443388231e+01 -1.655632790796791554e+01
-4.328171875483911180e+01 -1.658528807750704459e+01
-4.318770110461341716e+01 -1.660944868487544213e+01
-4.311121825552792330e+01 -1.663903434147184157e+01
-4.301690617469387234e+01 -1.667901167948030761e+01
-4.296368615228323051e+01 -1.669762069402607452e+01
-4.286950361626126949e+01 -1.673644670574666193e+01
-4.283046527562206762e+01 -1.675272981483825774e+01
-4.271997713168610744e+01 -1.679920466810104429e+01
-4.261790503634045280e+01 -1.683066372051416337e+01
-4.251065791576594677e+01 -1.685660527054934121e+01
-4.246116600168981847e+01 -1.688136599993743658e+01
-4.241141419713312644e+01 -1.690535379485195122e+01
-4.232129853624746119e+01 -1.693051474884784824e+01
-4.224666800647482745e+01 -1.695506578637654727e+01
-4.217834826038158269e+01 -1.699080022315104799e+01
-4.216326562926164456e+01 -1.701323114915924961e+01
-4.209183611884839848e+01 -1.702749665313971761e+01
-4.198831053217266174e+01 -1.703742697269039752e+01
-4.193685507764062237e+01 -1.704141244829440538e+01
-4.183362767390598691e+01 -1.704432377341569094e+01
-4.179788944352545599e+01 -1.702390321698063858e+01
-4.171265367468514285e+01 -1.703853348721126082e+01
-4.162779305464320601e+01 -1.703573333834020787e+01
-4.156729158547653924e+01 -1.704944818637617132e+01
-4.139731328229843399e+01 -1.707570996970190791e+01
-4.129278009832081864e+01 -1.708125942673977349e+01
-4.128543301476446459e+01 -1.708636251702623454e+01
-4.125560019644444054e+01 -1.708387268174127982e+01
-4.117060791626055050e+01 -1.707430256017040904e+01
-4.111184275793874576e+01 -1.709265345798640467e+01
-4.098897286170811327e+01 -1.711235849757514771e+01
-4.097885243201940852e+01 -1.712015361587053164e+01
-4.090947693388196882e+01 -1.712758099913481757e+01
-4.083165378087488762e+01 -1.713777345928026818e+01
-4.075491737871825393e+01 -1.717449892168520975e+01
-4.068620235534449847e+01 -1.719513789397731074e+01
-4.069242312695406127e+01 -1.721826568448893013e+01
-4.078396282377577364e+01 -1.723357620822541492e+01
-4.073777720987580864e+01 -1.725032845544390980e+01
-4.051511070809083748e+01 -1.724909098475838576e+01
-4.036503956916411795e+01 -1.727921990393956975e+01
-4.029307440371215421e+01 -1.730106890655197205e+01
-4.025399917692379859e+01 -1.730775255813698621e+01
-4.020626838378427692e+01 -1.731617262223684151e+01
-4.021504912814499022e+01 -1.732666078584126979e+01
-4.006491354744970579e+01 -1.734986868642351965e+01
-3.998106647012636472e+01 -1.737649715660888106e+01
-3.987746891158516860e+01 -1.736568111069273002e+01
-3.985397967941197805e+01 -1.741629249319524320e+01
-3.974133596397867763e+01 -1.743110192725337271e+01
-3.972540153107922123e+01 -1.747030588434792264e+01
-3.963184150098201997e+01 -1.746779688972347344e+01
-3.958675804304974832e+01 -1.746761416575474257e+01
-3.936899692081117763e+01 -1.751932484228598241e+01
-3.925078084539530465e+01 -1.755395626419126387e+01
-3.919643658505749784e+01 -1.756210807887547887e+01
-3.914856559025401594e+01 -1.757835461299930557e+01
-3.905153550567057152e+01 -1.757215365729556567e+01
-3.898797464298192494e+01 -1.755293502965971086e+01
-3.893694691914458161e+01 -1.758586350672023357e+01
-3.886902977864035336e+01 -1.761690503572340560e+01
-3.876904474445862547e+01 -1.765134685822714644e+01
-3.868610051730681221e+01 -1.765606998859534826e+01
-3.858771305539365670e+01 -1.765441331237092726e+01
-3.852508154749119740e+01 -1.766085470991938422e+01
-3.845057079820566059e+01 -1.766314074216181851e+01
-3.838750930991501775e+01 -1.763513547055151420e+01
-3.830571056193451795e+01 -1.764931965450469775e+01
-3.824303165732091259e+01 -1.768008453615346198e+01
-3.815942414388029391e+01 -1.768911681348565779e+01
-3.810144256406770324e+01 -1.768780787525025389e+01
-3.803811276309466649e+01 -1.772205920426865333e+01
-3.791546851801208362e+01 -1.770277164155177374e+01
-3.785693696775004469e+01 -1.770725954270301727e+01
-3.778219990280442175e+01 -1.769935728495680749e+01
-3.771670559400287459e+01 -1.770874824322556407e+01
-3.768277413166575229e+01 -1.771984197826742502e+01
-3.764252182785366330e+01 -1.773274717527295863e+01
-3.749848817211852037e+01 -1.774222669027374977e+01
-3.746753692959464388e+01 -1.779072852902592317e+01
-3.742998680679096424e+01 -1.779124948740930989e+01
-3.738060174180372286e+01 -1.781799158644050962e+01
-3.724586166170494295e+01 -1.778789787457551341e+01
-3.710129905841088771e+01 -1.781447161728916484e+01
-3.703748320343787270e+01 -1.782238008652872452e+01
-3.701021722343401876e+01 -1.782288096715933534e+01
-3.698123420741028866e+01 -1.782800361414188117e+01
-3.689393726224056991e+01 -1.784884330337992964e+01
-3.677151874996707903e+01 -1.787336974489266694e+01
-3.669332713993967587e+01 -1.788581048837893306e+01
-3.662280079362174945e+01 -1.789506504662276853e+01
-3.653476157129284019e+01 -1.789858248853018452e+01
-3.644959956104628418e+01 -1.791223332226291376e+01
-3.639241665830049755e+01 -1.792207171404593424e+01
-3.636438680725640182e+01 -1.793114368866292097e+01
-3.629993513116858850e+01 -1.794671267930956304e+01
-3.623156734582806848e+01 -1.795098792706680157e+01
-3.610283037793420391e+01 -1.797080309398469566e+01
-3.604578619216074031e+01 -1.797734805967878913e+01
-3.593603561569214122e+01 -1.799236875280737280e+01
-3.583062162502865533e+01 -1.802420718845713310e+01
-3.576423429317258496e+01 -1.803633634449299095e+01
-3.565356176377785147e+01 -1.804266107924879847e+01
-3.555097787886020910e+01 -1.806682150919875696e+01
-3.546447419298247894e+01 -1.807014081200832223e+01
-3.541471248455046350e+01 -1.808550164039827379e+01
-3.533053372195372788e+01 -1.811080697100316428e+01
-3.527340267044089472e+01 -1.814706607246998971e+01
-3.519258370556680404e+01 -1.816245905702778884e+01
-3.512889668785793873e+01 -1.818366363510985551e+01
-3.508800820023166978e+01 -1.819880738249090513e+01
-3.503451431082113032e+01 -1.821154877751875389e+01
-3.495089380456647632e+01 -1.823120603216377589e+01
-3.487130529214508101e+01 -1.824228618146119274e+01
-3.482288243750733159e+01 -1.826341856859650647e+01
-3.475634427659546333e+01 -1.826650904679187448e+01
-3.471154994929884907e+01 -1.826738599833575449e+01
-3.467237857291256375e+01 -1.828568299779839634e+01
-3.461044253797209791e+01 -1.830329425994515091e+01
-3.454532191913107653e+01 -1.831685336076121828e+01
-3.442695450535187973e+01 -1.832264182933805330e+01
-3.433784596445315174e+01 -1.833066344843991402e+01
-3.419932319697572609e+01 -1.834451897853659830e+01
-3.409156602861988006e+01 -1.836114865150191378e+01
-3.396261634160035925e+01 -1.836727671523629724e+01
-3.388335207555925876e+01 -1.837861115696735581e+01
-3.379346826010958438e+01 -1.839156842524335644e+01
-3.375349809044301708e+01 -1.839552192118175711e+01
-3.364943845350826734e+01 -1.841200311530452893e+01
-3.355498156709926150e+01 -1.842789131371350919e+01
-3.343290668860478121e+01 -1.844360154290765408e+01
-3.335476428079820721e+01 -1.844929269093195501e+01
-3.322574369781893466e+01 -1.846180493619883478e+01
-3.316382859074524703e+01 -1.846777727811966230e+01
-3.310116308616502323e+01 -1.847352772970346635e+01
-3.305728286519703829e+01 -1.848319263213898722e+01
-3.344017853133149032e+01 -1.842191152738507043e+01
-3.342880839574215202e+01 -1.842329986997429003e+01
-3.338247822769742612e+01 -1.841871798233106006e+01
-3.330611027478244068e+01 -1.842767423712752972e+01
-3.329182321966140989e+01 -1.842869834282374697e+01
-3.321363708471125165e+01 -1.843698715031387536e+01
-3.308772853754808096e+01 -1.846342761203669625e+01
-3.294966304938544255e+01 -1.849011543825547577e+01
-3.284730676245308700e+01 -1.850056870711785351e+01
-3.273286022482619728e+01 -1.850992731051495710e+01
-3.262105294588736371e+01 -1.851956805187948163e+01
-3.253338184189407656e+01 -1.853575852812763713e+01
-3.242558854731230156e+01 -1.854888069802726491e+01
-3.237347626159227332e+01 -1.858396352933929663e+01
-3.221601305459633835e+01 -1.860971698772424432e+01
-3.213975372280165743e+01 -1.860101721535536612e+01
-3.207928884994151275e+01 -1.861739046690668076e+01
-3.207366915492067250e+01 -1.862683558146145657e+01
-3.203472218687879547e+01 -1.863682089432734301e+01
-3.198944274768239282e+01 -1.865317028523676868e+01
-3.186198307121294704e+01 -1.869897218516009829e+01
-3.179804336777536378e+01 -1.870116653451610489e+01
-3.172304834819812669e+01 -1.870482543708596879e+01
-3.168871388155340441e+01 -1.871489209165376266e+01
-3.158180331626056159e+01 -1.875709093264261540e+01
-3.147322448910047399e+01 -1.876971387327004948e+01
-3.140727880179234077e+01 -1.878981785152797457e+01
-3.136376810346907362e+01 -1.880227882249178961e+01
-3.127732719005172157e+01 -1.882990704774000079e+01
-3.123542970887749703e+01 -1.885159821007162861e+01
-3.108261559564952847e+01 -1.888239943425286427e+01
-3.103616109650998922e+01 -1.888551630786865587e+01
-3.096545447715070765e+01 -1.890018518133042846e+01
-3.088691634777520534e+01 -1.891145398426844437e+01
-3.087008119414890572e+01 -1.891570673807859748e+01
-3.080572100019507786e+01 -1.890979932885692705e+01
-3.071475836158385064e+01 -1.892411598309474030e+01
-3.063621346937862100e+01 -1.893059554919837595e+01
-3.055370455586311351e+01 -1.893094153153801784e+01
-3.047095363282801372e+01 -1.892840039682860720e+01
-3.038966000814297530e+01 -1.892702735643344170e+01
-3.028168838120498307e+01 -1.893923806859582726e+01
-3.022464490258115788e+01 -1.894592557029712410e+01
-3.014241797108714493e+01 -1.895706728717167877e+01
-3.006978659280355259e+01 -1.897048480577672791e+01
-3.002012833593180474e+01 -1.898153384506903407e+01
-2.993235401602492729e+01 -1.898757851198176994e+01
-2.985040503518395383e+01 -1.899710588234166053e+01
-2.973470852705361978e+01 -1.902214246177126356e+01
-2.965337615578877717e+01 -1.904487958480952159e+01
-2.952429513381933646e+01 -1.906597681988257875e+01
-2.945413861916206955e+01 -1.909864292070263758e+01
-2.937446194465110949e+01 -1.913177797309013783e+01
-2.932668004472799339e+01 -1.915595819188574822e+01
-2.926870064969776308e+01 -1.917506001439337737e+01
-2.918004269723127919e+01 -1.918987907956456951e+01
-2.913820467328793740e+01 -1.920148246975341166e+01
-2.907891253185043112e+01 -1.922131683299173588e+01
-2.904477636318372191e+01 -1.922679582760650874e+01
-2.899285374585586439e+01 -1.924501928477539892e+01
-2.891624897616824441e+01 -1.926935792438644413e+01
-2.881886091310279596e+01 -1.928705729674915403e+01
-2.872597543285895583e+01 -1.931646634000022189e+01
-2.864371690870093445e+01 -1.936201297469986926e+01
-2.856129809751816850e+01 -1.937455089827862409e+01
-2.852892887080621520e+01 -1.939144821397315610e+01
-2.844601101441536883e+01 -1.941819940574399794e+01
-2.837877234824568973e+01 -1.944597396888721264e+01
-2.831759675643535346e+01 -1.945738147493892711e+01
-2.826963545383758358e+01 -1.946957306872704407e+01
-2.820525397757922192e+01 -1.947896929728083748e+01
-2.815890743170654531e+01 -1.948226147630898453e+01
-2.805982712461919348e+01 -1.951240415106411419e+01
-2.798835390824753233e+01 -1.950478589982556343e+01
-2.789457957698486368e+01 -1.949469698960432851e+01
-2.781109311806669382e+01 -1.949243855011655668e+01
-2.780695634865016430e+01 -1.947718256602518849e+01
-2.768742601619672428e+01 -1.952036717811988353e+01
-2.762284393385468917e+01 -1.952255943979872654e+01
-2.754325047062955178e+01 -1.951915706824206964e+01
-2.744873224475974993e+01 -1.952559003626737422e+01
-2.733604141922712571e+01 -1.952019211911718699e+01
-2.729317373999097995e+01 -1.952817563902845421e+01
-2.726667005070440553e+01 -1.952105561091573094e+01
-2.720547841515130827e+01 -1.953007532307891125e+01
-2.714565344281528425e+01 -1.953236744962542204e+01
-2.707360119169301882e+01 -1.953601781964590955e+01
-2.689776310840710494e+01 -1.957775956597628664e+01
-2.683642904856805700e+01 -1.957499409195002116e+01
-2.676795748781218620e+01 -1.958869352026489352e+01
-2.672939055468614100e+01 -1.960002455603446236e+01
-2.670070650404163004e+01 -1.960969236953451755e+01
-2.660852133397368036e+01 -1.958508327603116328e+01
-2.658218774086997271e+01 -1.960089011380896906e+01
-2.646949888884336843e+01 -1.962509473521298986e+01
-2.640358344382651623e+01 -1.964343254150641727e+01
-2.625700375880953885e+01 -1.967617734887311798e+01
-2.612763267322908689e+01 -1.970420512135771673e+01
-2.602121127045759152e+01 -1.974437434418119253e+01
-2.597799199795522895e+01 -1.976647645974632894e+01
-2.589967082967057976e+01 -1.977516758486776638e+01
-2.583232773801658055e+01 -1.980722076329290005e+01
-2.579262526328668415e+01 -1.983080687857994917e+01
-2.567900168919531012e+01 -1.982586587609580064e+01
-2.559264742797282466e+01 -1.984642381286353441e+01
-2.552055552159218976e+01 -1.987044731482771809e+01
-2.551407973474032786e+01 -1.987268386388713282e+01
-2.535898719940607648e+01 -1.990132526785273015e+01
-2.530164316516474798e+01 -1.990861831404919613e+01
-2.523665257400594086e+01 -1.990024590658547865e+01
-2.515472494447135787e+01 -1.990684060382459108e+01
-2.500803871777800680e+01 -1.992218367806014001e+01
-2.498095678251059937e+01 -1.993697067687084257e+01
-2.489331792683380229e+01 -1.992444765061213019e+01
-2.482939258831862617e+01 -1.994985037141984918e+01
-2.476941680462375572e+01 -1.996648710913695268e+01
-2.470113714464540422e+01 -1.997576654744520752e+01
-2.462073419092134330e+01 -1.998261231712795549e+01
-2.455650485193967469e+01 -2.000062077523224247e+01
-2.448131147967689003e+01 -2.000352172897742875e+01
-2.442501005367353528e+01 -2.000975481395578015e+01
-2.432301917343349018e+01 -2.001630300563909159e+01
-2.427127037611160532e+01 -2.003272961242898731e+01
-2.418719912055145116e+01 -2.005310909441104528e+01
-2.411751256555435674e+01 -2.007145976801024645e+01
-2.405637642544450117e+01 -2.008532923850156138e+01
-2.395137246434996570e+01 -2.010567061333701844e+01
-2.390677494692069516e+01 -2.012400858589628427e+01
-2.383426957210123120e+01 -2.013725968095047492e+01
-2.376781106421120882e+01 -2.016642164504856893e+01
-2.373290068986333878e+01 -2.018766179751688483e+01
-2.365250956649005332e+01 -2.020097434375404077e+01
-2.353118795035323174e+01 -2.021976360292282848e+01
-2.342813399771671001e+01 -2.023576447449531557e+01
-2.332970535691809388e+01 -2.025340560608687568e+01
-2.330001085018513152e+01 -2.028175293517939082e+01
-2.321502708650233160e+01 -2.031112045033956193e+01
-2.318472823789435466e+01 -2.032225731645958788e+01
-2.311908010729590046e+01 -2.032740556789024922e+01
-2.306499419972087495e+01 -2.034101330233046667e+01
-2.298812603024923717e+01 -2.035392418222602373e+01
-2.289715264319920607e+01 -2.036528833374108061e+01
-2.285249282454874376e+01 -2.039729189489046135e+01
-2.274399554700835679e+01 -2.039427261442599715e+01
-2.265897065149249556e+01 -2.041263118429522549e+01
-2.257959083175661519e+01 -2.041842105313868672e+01
-2.235023817828629333e+01 -2.049133148721253050e+01
-2.239036998274844237e+01 -2.046437901185608155e+01
-2.231817358282092556e+01 -2.047355373577960691e+01
-2.217809390513616918e+01 -2.047845443030267987e+01
-2.224946551712098497e+01 -2.047196059271096047e+01
-2.214448055199389387e+01 -2.048333073175530217e+01
-2.203417988836880070e+01 -2.048074569942662748e+01
-2.195110298602626742e+01 -2.047636658883093119e+01
-2.192736225951270157e+01 -2.046506992971456995e+01
-2.180376883179035730e+01 -2.048274633115467935e+01
-2.179587484391105434e+01 -2.049287913189709442e+01
-2.178014006850482431e+01 -2.047710130541461027e+01
-2.171430557289967922e+01 -2.047505210965939426e+01
-2.168385239604003445e+01 -2.046864550993066345e+01
-2.165659275143826434e+01 -2.046602192793652719e+01
-2.178753218908586220e+01 -2.045143690379883594e+01
-2.163886287014225118e+01 -2.046528843519475416e+01
-2.131703344074273332e+01 -2.053177955689632839e+01
-2.121416880542769334e+01 -2.053991201985532911e+01
-2.118918640005679066e+01 -2.056098424527161583e+01
-2.109818067482791193e+01 -2.057493446253543468e+01
-2.102597241181041809e+01 -2.058472907240985350e+01
-2.094925316933228743e+01 -2.060435205879879206e+01
-2.087402552991389726e+01 -2.061781945624823820e+01
-2.081940539297455572e+01 -2.062899307733369270e+01
-2.080002150122395577e+01 -2.064808877368408346e+01
-2.075581434256838875e+01 -2.066536397514986589e+01
-2.072580988731044016e+01 -2.068157867378268833e+01
-2.069764252138953609e+01 -2.069802890967536158e+01
-2.059611089979296139e+01 -2.070050098894081003e+01
-2.027145633485433507e+01 -2.077572876734188156e+01
-2.022303780650917915e+01 -2.076089780790598027e+01
-2.018960229705824361e+01 -2.076388403939936111e+01
-2.005355371694085775e+01 -2.078490474742649852e+01
-1.991712369059917265e+01 -2.081406614151302747e+01
-1.985777810428677270e+01 -2.083006845662250939e+01
-1.981464493871664345e+01 -2.082512311474150479e+01
-1.966677707617303028e+01 -2.081784875715012362e+01
-1.953611844807069531e+01 -2.084484730054886015e+01
-1.949229427736758424e+01 -2.086806174267352887e+01
-1.942636398329934266e+01 -2.089013821681199445e+01
-1.939755145370098077e+01 -2.090836962753449768e+01
-1.932348646546314086e+01 -2.091417325466301236e+01
-1.914998982324327770e+01 -2.095492762756910210e+01
-1.914613772192205232e+01 -2.093164507941990848e+01
-1.903462924857279148e+01 -2.094767408447528112e+01
-1.902418993455510687e+01 -2.093563953997316318e+01
-1.893024964374188102e+01 -2.094203201402331516e+01
-1.885688088095078641e+01 -2.097044676891672665e+01
-1.873347502664291753e+01 -2.098237598785389224e+01
-1.868709272754490058e+01 -2.098426636721135097e+01
-1.860837076026940906e+01 -2.099778534782303652e+01
-1.857947854617423289e+01 -2.101384719629451681e+01
-1.847849413683979591e+01 -2.103662173780585221e+01
-1.842220978464083458e+01 -2.105117077352999289e+01
-1.832889497764826814e+01 -2.107056875592019907e+01
-1.827308036857475670e+01 -2.108211291677600130e+01
-1.818674326069020353e+01 -2.109430292798679218e+01
-1.813180200645970430e+01 -2.111132303633659291e+01
-1.804608224900031033e+01 -2.114171572552596601e+01
-1.798149653437982209e+01 -2.115164854835212083e+01
-1.790787113182396695e+01 -2.115667479045863431e+01
-1.783431215597722996e+01 -2.117859402681250813e+01
-1.776176987224453896e+01 -2.118866923441432348e+01
-1.771096248542569285e+01 -2.119406284099598992e+01
-1.761797228972329066e+01 -2.121373984361332177e+01
-1.752323862688891154e+01 -2.124927467727922448e+01
-1.742693840778631653e+01 -2.125076219813368539e+01
-1.739564824098128781e+01 -2.126858725110313841e+01
-1.732613690193107914e+01 -2.128425451977599181e+01
-1.724214913826600437e+01 -2.129967792456088205e+01
-1.716324707099461477e+01 -2.131529691310140251e+01
-1.707813544730973021e+01 -2.133186723906637283e+01
-1.703027340610887919e+01 -2.134926211392539841e+01
-1.697262338876057086e+01 -2.136541486469097961e+01
-1.687599684558901814e+01 -2.138960220397437340e+01
-1.680084437823041199e+01 -2.142072012353905919e+01
-1.674147852426930072e+01 -2.141370389745639002e+01
-1.664398827814700255e+01 -2.144815927744200224e+01
-1.650521379975467084e+01 -2.149987481036933445e+01
-1.638325110291068754e+01 -2.152538353291502560e+01
-1.628218555827750080e+01 -2.154858373146709383e+01
-1.621658705029327763e+01 -2.157194850075687498e+01
-1.606270029200312166e+01 -2.161493160540570457e+01
-1.604874752894390255e+01 -2.162865863933835442e+01
-1.572895753038793742e+01 -2.169198675742834936e+01
-1.545634236281959417e+01 -2.173687232788832446e+01
-1.528493448863271098e+01 -2.175892295102529062e+01
-1.511535969435947990e+01 -2.178140429057265948e+01
-1.502002547755578732e+01 -2.180134157993618516e+01
-1.490944986542551653e+01 -2.181639397159341698e+01
-1.487929903036624424e+01 -2.181805687654870596e+01
-1.485047985251745750e+01 -2.182314802015913457e+01
-1.484167060471453325e+01 -2.182564184492921910e+01
-1.486260403423293930e+01 -2.182603622495690843e+01
-1.488751594799511224e+01 -2.181729037854030651e+01
-1.487217639903073696e+01 -2.180792514669440862e+01
-1.485502126985454119e+01 -2.182741138347083876e+01
-1.483971719271277401e+01 -2.183175281631016418e+01
-1.480710463877743166e+01 -2.184308330655463237e+01
-1.480605193134173625e+01 -2.184104876732342859e+01
-1.481999577375167476e+01 -2.183521034610384248e+01
-1.479978818973821397e+01 -2.183059728481278228e+01
-1.478412290442090615e+01 -2.183020876397997867e+01
-1.479758525924321511e+01 -2.182146822250729201e+01
-1.480071227028066083e+01 -2.181078585445563078e+01
-1.480615323645364256e+01 -2.180380868743356260e+01
-1.481315454816102850e+01 -2.180664405485339685e+01
-1.481355914426836584e+01 -2.180435746570963218e+01
-1.482610536230041909e+01 -2.180587831605554783e+01
-1.482623867521029482e+01 -2.180043630491685747e+01
-1.481827417134684133e+01 -2.180302891375369256e+01
-1.478443387427151379e+01 -2.180426443259307945e+01
-1.479223715645764514e+01 -2.179757129564138296e+01
-1.478077349784486216e+01 -2.179933350078128740e+01
-1.479385849250741813e+01 -2.180228099179272050e+01
-1.478641049015086573e+01 -2.180098078792850558e+01
-1.477831067209790739e+01 -2.179180908404308781e+01
-1.479478852539295453e+01 -2.177640396162943048e+01
-1.479465475503694627e+01 -2.176074386359310253e+01
-1.478315379821695963e+01 -2.174657018825086752e+01
-1.473145635788933383e+01 -2.174094996742104513e+01
-1.465843709756006596e+01 -2.174063048301709955e+01
-1.457569124988682496e+01 -2.174868182954202567e+01
-1.448688517074916682e+01 -2.176724397065048677e+01
-1.442353476941918444e+01 -2.177822815746354124e+01
-1.442683835921084956e+01 -2.175583504642065691e+01
-1.454786525137401121e+01 -2.172283333743808242e+01
-1.467670583177896404e+01 -2.169602953054682359e+01
-1.476390106424124404e+01 -2.168219759909479549e+01
-1.480255044006185727e+01 -2.167354440806630222e+01
-1.475926641116245541e+01 -2.167111567551657814e+01
-1.455818507459812139e+01 -2.169793085870656668e+01
-1.391659201597270368e+01 -2.181178305357811809e+01
-1.393762959926668721e+01 -2.182054565596687823e+01
-1.389448857418625138e+01 -2.182410141012360327e+01
-1.387386316138874776e+01 -2.182222371851988285e+01
-1.382554065575079605e+01 -2.181775387990836634e+01
-1.373711894884446849e+01 -2.182877339247668758e+01
-1.370451054183307349e+01 -2.184863534156788845e+01
-1.362145298331140530e+01 -2.186276421688285865e+01
-1.353318461521519289e+01 -2.187388709388808650e+01
-1.339313744015639429e+01 -2.184602407882522002e+01
-1.340288028498015827e+01 -2.191986421962120701e+01
-1.333639987864822096e+01 -2.194619257129942014e+01
-1.320699954070182436e+01 -2.184619560280457762e+01
-1.315495285157087757e+01 -2.197212493505333697e+01
-1.296491921416711435e+01 -2.177600126676734149e+01
-1.294518501823718282e+01 -2.184162985976091775e+01
-1.281880644206115427e+01 -2.185758018477006814e+01
-1.271747668919890906e+01 -2.188193280609505820e+01
-1.271265570335791573e+01 -2.196617789469179627e+01
-1.213767457634633473e+01 -2.203481823039085796e+01
-1.183947169006518152e+01 -2.208643522174057239e+01
-1.180907303613888182e+01 -2.211863876394167860e+01
-1.183321545387772922e+01 -2.211634525030579468e+01
-1.168844051722071953e+01 -2.215062069859405014e+01
-1.163134715286389920e+01 -2.218104023331562402e+01
-1.151690736883630706e+01 -2.226270933447512945e+01
-1.132502123036444530e+01 -2.244067872544616193e+01
-1.120045400203685482e+01 -2.266280134029068449e+01
-1.104016642246543967e+01 -2.278846173986496026e+01
-1.091889600655969517e+01 -2.300870700821062798e+01
-1.100257133725475001e+01 -2.315932461493441608e+01
-1.096555636094965891e+01 -2.327856544930027383e+01
-1.097415152894814838e+01 -2.355660993884114518e+01
-1.104858274288727138e+01 -2.374609282610625627e+01
-1.102369325864791705e+01 -2.389217807310253860e+01
-1.103178835826071058e+01 -2.395194990235351895e+01
-1.101912648009181162e+01 -2.402404813759451585e+01
-1.101926478601440529e+01 -2.410411957616930323e+01
-1.102662434461030294e+01 -2.415974290858288853e+01
-1.101283762317003934e+01 -2.418194462169216408e+01
-1.101996567980285668e+01 -2.421350442403895187e+01
-1.102750704008411375e+01 -2.424402919870369999e+01
-1.103354096654492267e+01 -2.425418049073620708e+01
-1.102486587139087959e+01 -2.428365059562850448e+01
-1.102469629064709089e+01 -2.427954081316015689e+01
-1.104085271457103090e+01 -2.427901706222079881e+01
-1.103295590348431787e+01 -2.429115241896150934e+01
-1.103606800636821639e+01 -2.428273475883486299e+01
-1.104398229110347707e+01 -2.428611094727628839e+01
-1.105222051785546533e+01 -2.430222704351868757e+01
-1.103863107407832622e+01 -2.430397724978118035e+01
-1.103563141750682242e+01 -2.429299552177487698e+01
-1.103440235043367856e+01 -2.427910002135450185e+01
-1.103468613361067341e+01 -2.428289816413712643e+01
-1.101625699790428570e+01 -2.427887632449708022e+01
-1.102637831041299954e+01 -2.428079835608482639e+01
-1.103049152129672272e+01 -2.428174653787728232e+01
-1.103086626085949362e+01 -2.427692982313454806e+01
-1.104465623380239059e+01 -2.428019928909880321e+01
-1.102720593384722747e+01 -2.427163513424033781e+01
-1.101254442913242038e+01 -2.427476011674431433e+01
-1.102075329615999344e+01 -2.427542731167755719e+01
-1.102344046085084095e+01 -2.427227327946775048e+01
-1.102536422144561001e+01 -2.426938093240053362e+01
-1.103205436326386213e+01 -2.426406485562801052e+01
-1.102741551562591482e+01 -2.428245363229143550e+01
-1.103145857991896328e+01 -2.428007486297326523e+01
-1.102442655021557805e+01 -2.426851327982048900e+01
-1.102336448604269670e+01 -2.427644042437185945e+01
-1.102660208978954515e+01 -2.427848034056729176e+01
-1.104833535660023003e+01 -2.429348190830759791e+01
-1.103358874140737811e+01 -2.428876881199303028e+01
-1.102225183908582373e+01 -2.429487110415988838e+01
-1.103953216811881788e+01 -2.429151375780735833e+01
-1.103004734301470080e+01 -2.428086118517061465e+01
-1.103942536825029386e+01 -2.427714953307634715e+01
-1.103218127795061854e+01 -2.428017983575378835e+01
-1.103262035779588501e+01 -2.427325578873904632e+01
-1.102742665149317958e+01 -2.427661314845830276e+01
-1.102040840903323904e+01 -2.428602149918250674e+01
-1.103594399054202668e+01 -2.428554159514074939e+01
-1.102846214324386942e+01 -2.427443580924404642e+01
-1.102664380594935700e+01 -2.428590606802160323e+01
-1.103294921149603880e+01 -2.428802410979943716e+01
-1.103550900387265266e+01 -2.429622265435274642e+01
-1.102858268261467067e+01 -2.429303474494907888e+01
-1.103661189018654731e+01 -2.429129285273205241e+01
-1.102663866271636373e+01 -2.429749809921888826e+01
-1.103205596286878531e+01 -2.428920270974294837e+01
-1.103088581342073127e+01 -2.428225306714505649e+01
-1.104201275433777951e+01 -2.428423018080880880e+01
-1.103254749138869073e+01 -2.427542637012180649e+01
-1.102987938605374474e+01 -2.428719521772482182e+01
-1.103305612356557930e+01 -2.430685508336239309e+01
-1.103197684450367255e+01 -2.429209678646694570e+01
